44 0 0 0 0 0 0 0 0 0 0 0 0 0 0 0
-61 -118 0 0 0 0 0 0 0 0 0 0 0 0 0 0
-119 51 -1 0 0 0 0 0 0 0 0 0 0 0 0 0
-92 36 -50 12 0 0 0 0 0 0 0 0 0 0 0 0
-40 55 -12 26 -81 0 0 0 0 0 0 0 0 0 0 0
102 26 -123 -20 123 42 0 0 0 0 0 0 0 0 0 0
-40 -3 50 -16 83 -46 68 0 0 0 0 0 0 0 0 0
-51 -34 46 118 -41 94 34 23 0 0 0 0 0 0 0 0
-13 -21 -21 74 12 -70 33 91 -11 0 0 0 0 0 0 0
126 -120 -81 17 -89 77 -85 31 67 38 0 0 0 0 0 0
-46 -57 -83 -110 -47 -54 76 -52 -107 -10 -106 0 0 0 0 0
115 59 -75 -123 -56 11 106 -59 -58 -47 -3 55 0 0 0 0
14 2 6 71 80 24 13 79 -70 -68 -39 11 64 0 0 0
-119 -69 -93 122 -49 -109 -33 -28 -41 -71 -53 37 -25 76 0 0
-97 77 -57 -10 -29 -121 -59 -42 37 40 -87 100 114 -3 -95 0
35 90 50 -98 -99 -32 110 -34 -119 102 -27 -30 88 86 101 88
0 106 23 -92 39 -125 -66 -93 115 -101 115 7 65 61 -26 88
0 0 57 5 57 -31 -66 -7 47 18 -50 108 46 -62 4 -30
0 0 0 -61 74 -54 -5 5 88 -99 -90 -106 -103 72 -56 -114
0 0 0 0 126 66 17 56 19 39 57 85 20 -62 95 -6
0 0 0 0 0 -7 -100 9 -96 66 21 94 69 23 -119 -6
0 0 0 0 0 0 51 -101 -1 93 80 76 64 -98 110 86
0 0 0 0 0 0 0 -81 116 82 81 71 49 -119 -120 37
0 0 0 0 0 0 0 0 75 -56 85 35 19 -4 62 117
0 0 0 0 0 0 0 0 0 -83 -89 113 65 -116 -120 94
0 0 0 0 0 0 0 0 0 0 -76 -22 -96 -65 75 77
0 0 0 0 0 0 0 0 0 0 0 70 23 34 127 45
0 0 0 0 0 0 0 0 0 0 0 0 -14 96 -76 20
0 0 0 0 0 0 0 0 0 0 0 0 0 43 -67 66
0 0 0 0 0 0 0 0 0 0 0 0 0 0 38 -7
0 0 0 0 0 0 0 0 0 0 0 0 0 0 0 60
