-54959 2346 -3689 59279 567 -30717 -60150 6487 10862 16808 -1675 32214 -27466 -3494 -29247 -9994 -18617 11136 13695 6814 -32141 62467 -27997 -56726 -18669 -2969 47 -23775 15618 -6021 -58515 6707 -33719 -29334 38655 -13572 26716 -31692 -41712 -80095 -71864 -32854 -81777 53233 -17544 -46437 34574 48509 -60434 55328 48711 -12610 57535 -13987 12819 -33808 58385 8974 -12022 47388 -51329 55758 -25372 -9203
19021 4974 25801 38997 42796 -24165 6475 -9060 35266 -39351 -49022 -10964 -38139 77955 45798 26719 -15710 -73951 -29946 -40012 30813 19023 -67242 -13520 -43773 4178 -2564 -34552 -53804 9644 27204 42862 32959 -5060 43424 -30608 20909 -25365 35850 -28270 29717 -75923 28848 45524 38289 52000 6546 -22530 -26221 14390 -16777 -35359 -32121 46729 -5261 -48745 -31462 -44069 8125 -28907 -51006 65125 -60919 -55159
8197 -110655 12331 37066 -43203 -10385 -60481 -77287 33062 61484 49520 -11652 14905 10472 -58398 15475 -75864 -82818 -71129 -29393 24970 -83274 -8733 -33825 16686 -33766 -110516 86936 -49278 4780 -20221 -36704 62132 41132 4065 81276 52047 88365 -49825 -5607 -80316 -49414 -6687 17143 11123 -32705 4442 31348 -80156 -60553 -52023 -25314 -1730 13318 -61690 23528 993 30853 51070 -65645 -6411 39745 -95599 -32493
3359 11022 -30554 -10334 30953 35655 -33671 27104 62648 33760 -40233 -24154 5697 -68946 -66735 67685 38046 106935 -82288 6573 -49509 -16196 45712 60357 -7240 -10947 -14284 -17799 34651 15626 2655 -75454 13054 -37427 -96058 -17294 -29578 -23168 -21974 -27093 -7282 -35062 -11440 -41887 42736 -34994 -34662 45416 -27259 58092 131568 -7830 673 23460 -9278 70785 54531 60967 41245 1393 -81629 -55637 -31379 62305
-35540 -41427 -2627 11249 25235 39265 -20341 17899 -2766 -47202 -31754 -11872 52942 -56210 -31307 -38961 -28139 52373 40016 -4051 52484 -16524 19467 43210 8954 -63591 43130 -78930 -62314 -15822 -61190 -80665 -44541 -54872 10242 5251 13671 76116 -31151 -23047 -51459 -31447 -48387 709 -3690 -41558 57430 20901 -7912 32772 50317 -15580 -14754 -37897 8408 -74436 -12130 13165 34357 -63804 -44940 -84805 59275 10605
36396 29128 -40232 -12787 65009 128863 26266 38197 41195 1667 10832 -33500 -47499 -15824 60748 -8994 -27794 80293 47086 -97571 -33566 63566 -29054 13054 18099 12675 -24535 -10989 55271 -45558 -44234 -17504 45829 18749 -72201 32642 23585 -53348 19535 42391 90346 -36155 65169 54782 -38965 4816 18094 -37275 4016 42687 58013 4871 36585 -63478 -28051 1802 -43211 18240 17984 52708 -49809 -47273 -86803 50714
20012 51051 9852 33672 32712 41908 28919 3525 10597 -22583 -12171 -4229 -114301 -7095 -19851 59920 -40275 47948 12935 -52924 -34128 -55915 -43746 31942 31279 74727 1419 -2194 -26751 -10525 51744 68402 11202 10671 32076 10385 70903 -11561 -19506 -4372 37404 -41022 27418 -16503 31595 70607 -2434 -6454 -12418 -57676 -31244 -49146 -65698 -984 -41418 -55427 -37088 58980 63996 -56688 -57390 -60710 -125376 -5750
5217 -46001 -842 -11946 36278 -12527 14054 -80182 12230 39202 -748 -15687 -38071 5206 57734 -8627 -119291 -21091 115425 4552 -42665 38920 6246 -4684 -11592 -17730 -81179 21462 30782 -58694 -36400 -42572 -12493 33578 24083 63446 -22161 8238 -38975 20244 -18054 22960 -17007 40219 -12745 -31865 17280 286 30010 -74886 -60914 96131 23125 -34841 70763 12429 27524 19065 10058 -40307 2798 41900 7264 -8725
-61154 -50813 -45848 -47809 26097 20488 16294 -99369 48968 34016 13000 -23883 -13486 40924 -12903 40790 -17719 -16598 -3136 15475 60721 37665 -86717 40741 47096 -5532 1061 33060 691 26893 90903 -6939 85927 62833 -6467 61273 -23189 4042 1892 62239 -22342 -32504 -2483 -59821 -46695 32081 -94740 7006 23756 -45222 -114966 -15109 57894 36128 -20363 -29585 28401 -36739 14779 25607 16472 -34765 41055 56645
52197 -49254 -44889 -14630 -38666 47893 43730 -111738 -15112 13479 48996 -27098 -42596 -8843 16654 -20506 40761 8470 12011 -47503 3546 -17468 -44252 -17267 6541 -31879 -13697 46412 8266 -41177 -17990 76147 -39600 49227 -10141 -54321 -28901 -19715 22537 66641 5268 -2993 90544 -29758 -19819 11010 76115 -43681 43593 -40032 -134475 75513 -88260 23696 240 -30169 -121059 63892 -1110 -132218 29724 4461 -35201 -34671
-3729 27560 -18642 17960 105341 66829 4639 -41817 42201 -57570 10912 11769 -40190 16691 31231 -25871 -13237 49493 -36223 -96789 44356 60155 2841 26914 2950 17898 -41312 30538 23649 4838 51409 17192 3317 32142 -6669 -16150 9 6471 9497 52970 -71157 -53709 -51455 31761 2146 -47721 12570 -38767 -33747 57831 113779 -45693 83470 -70012 -55844 -81256 -22534 7243 44328 -37668 -11721 -352 -41737 71616
6977 -38022 -36770 -38854 -53426 -75564 50143 36131 46270 -60042 16355 6338 22514 49321 23962 30884 -23040 -28285 -24480 47724 80264 -1690 35145 1822 -52458 -2449 -11490 -49808 -34525 2093 -67715 30981 61436 -7288 -64900 -22339 -28799 -59994 -37574 -128765 30909 -71884 3717 76982 1318 19018 38450 2683 41338 -18688 -21922 -20407 25363 37867 -5047 -38299 -9086 -14623 20697 10294 23647 -16146 9255 -40191
27224 1461 2030 -4955 71149 -2524 36545 4412 12280 -37464 28652 -32469 2363 56264 -57996 54302 -3323 -17735 23837 17438 17368 -6186 -59964 16767 -13464 -2883 110999 -13470 -54438 -29646 39499 35039 -6937 41345 86967 30276 16248 134 20532 -33398 7167 -27113 -19776 -16424 -80356 20614 -29283 -68034 -13025 24969 -157942 -32019 39800 40409 -33483 -16085 -32513 -8044 -62268 10922 29986 76851 48493 -4661
-29363 28279 -57092 -41513 -17041 -60802 6049 -24659 -47884 -21986 -1008 49608 -68475 -60698 9776 -116502 39771 -23746 12022 16991 23608 -29040 49204 -33973 -56900 30706 28304 17349 -6832 -30905 35991 -35900 -16758 -36201 -5525 -24388 57558 24831 15549 1749 -64589 71656 -35268 81220 -9920 -55203 -5093 -2534 16892 52645 -5733 -40796 -47724 44702 42529 -9574 -14215 -35308 -37401 14985 -34129 12297 -53581 33716
3289 -40229 4278 28814 17626 9847 -53147 -73342 57508 79655 26576 -35999 6250 74188 -60814 -18346 -28173 -38880 -84962 -34701 59859 37441 -80141 -73869 -29611 6950 18292 87850 -97824 -3283 -6579 6167 -22702 49824 28322 18801 13446 67882 -28478 -5506 -36459 -80983 24488 -5087 -23960 10595 12889 -48945 -40182 -7628 -117373 -11184 1755 53067 -23277 -53225 -30816 16907 32342 5425 -41686 80003 -18488 26621
45988 -25280 7981 -26147 27657 67863 -29254 3699 -8818 106706 -21176 1947 18303 -120129 25374 -39584 65215 23348 -68585 -74239 22574 16493 36868 -22820 53528 6451 -35041 21938 19342 -17500 -56859 37182 23678 22036 -45939 -49132 -37800 -30623 2490 90651 77718 -42439 2198 -23567 -16812 33025 42601 -39763 43547 174 67959 33226 -18841 1516 -62897 42278 76970 8536 49880 -32732 -15386 41634 17896 -4893
46177 -25293 -26394 9229 89933 29963 48566 16579 -17517 48258 -11323 45619 -31906 56333 -11282 26801 -20881 78347 -39922 -65533 66505 19934 -42058 5045 -23340 20365 21334 650 -15543 -5957 -20809 12688 -36379 18344 -35730 -33489 667 -46739 -38391 -46079 -2210 13774 1385 41861 -25858 3172 30515 18541 -95898 39007 18096 -12801 86414 -80196 -68206 11761 14265 -55414 13498 26129 4280 11880 -6467 87254
116597 -52069 40080 18120 39031 -13001 -41126 89454 -24930 51317 48878 -7508 -13718 26002 -90426 8015 85417 28792 60502 -36959 8433 7521 -61106 24453 -17131 63852 19714 58590 3661 7721 15287 19613 -17584 59397 8667 36742 60793 2049 -20100 50465 -35199 -2115 33323 -34838 -55339 -10108 9378 -70 52612 43712 -25306 -17018 46463 -21676 -43843 -54308 -21019 -42056 -21266 -53856 38768 -32031 -19488 -35583
44791 4131 37744 -24659 -69065 -29877 -87105 -64271 -15826 -36810 23659 -12442 55786 -20772 -7189 9998 -45551 40280 -36458 -5979 -9951 -64515 25933 30944 -17207 -14539 -26488 53791 53576 74154 -38015 -8481 -55446 -42046 -14490 43279 59254 -30990 -38508 17055 7202 -40158 -21705 -26854 31426 36951 45601 37883 -629 8316 20787 -21860 -36078 7112 13516 51140 -1528 -26448 19670 -17283 -16705 -98263 -51822 30559
3229 12960 -16981 -32548 -12296 -65340 59289 84616 -6819 525 2008 66980 -17801 24974 53318 24805 55279 -15519 57812 -11785 36028 -65431 -16576 -38409 16524 20369 -52913 -22686 13017 52428 -72811 -4890 -38030 71584 -32536 -41803 -8066 33524 -9419 -47994 -51582 92277 30109 42983 39855 5250 37082 -27975 3360 355 36416 -17330 8325 -40560 8615 -20773 -28468 11018 -22047 -76922 54980 -741 6536 18351
29501 94869 4891 -8714 30123 37654 -62261 59054 18161 -339 -44401 -16123 19900 27593 -51 22431 90444 62675 -42300 -31763 53318 -34576 -45023 100539 23552 38887 69116 88497 -58000 -7680 -3053 37084 -7817 36921 -14851 -32492 35037 34707 -23210 5200 58727 -131107 -1329 15096 -3148 127443 1822 1790 -25913 -52026 -13809 -50870 -35012 -9644 -70647 -6251 -26664 96614 54320 -4131 -11358 10353 -90485 17746
-21068 49268 100695 -17331 26922 24842 115447 63560 72837 42499 -43817 -52532 -22253 21587 102273 -15313 70487 -17874 -32609 -58135 -42496 35523 -8596 -94675 -95364 13068 73037 -59866 -48500 -69147 -1101 3718 49114 -23665 -84869 -28335 30017 -41034 34652 -7269 151082 23048 -35897 121 45184 98676 37130 -56913 34681 -11996 -6362 -24622 5300 62863 -24504 23408 -61850 -47519 5381 2789 7283 77232 32031 18118
-66 43109 -35314 21254 31442 2197 2482 20345 -25661 -3360 68893 -27568 12319 22588 13919 43021 50685 65547 30394 70410 -32389 -29578 -5109 44297 13224 9308 -41153 9392 37543 6697 58253 -76077 21319 44645 55764 46226 -5867 -36567 2080 15500 -42746 64470 38382 44787 15669 -36447 -73376 3669 24391 -11301 45566 6260 32594 -98481 8369 48349 -15760 -18200 -10311 38591 14715 -12514 -46881 35223
48684 48101 15241 -51872 45679 -6006 -39515 56835 50006 -16057 41514 25805 -14614 -42263 -82497 -13127 51608 -25589 -42860 45912 -19075 -11941 -17426 -40267 -60488 32437 76115 -25649 32575 -36642 70972 71540 41433 112863 -63650 -13944 -36410 -16306 2917 22908 -57296 -17909 -1986 -107368 4266 32710 29234 -2116 -32820 -24079 -19049 -49641 -13783 -58638 -9057 -52708 44153 -30623 -27094 -31128 12217 16921 41444 17303
7227 52788 -29902 -5733 45998 11062 54862 32027 -25721 -3518 24568 8971 -69010 2752 -25563 -14604 24123 72878 -78325 31893 -30097 -34840 38250 25086 24472 60787 35694 -13950 -30446 -46565 -12097 -37590 35301 15149 -70901 2872 6525 -44877 22466 -55228 60951 6955 -26242 53199 48751 19403 -680 19075 -19412 35155 95897 -48092 21640 -47941 -38246 103861 27802 83926 179079 -51368 544 32503 -66973 112956
-9010 131080 1742 -6686 1104 -4744 -15118 -5934 -36977 6525 -7498 42507 -39246 581 -66046 -26059 -18858 127254 -37922 10106 -65172 10557 40289 2970 -528 36282 -33337 -49170 85787 -56738 55425 -79438 -9848 -32538 -53787 -15375 -2591 -45589 -49146 54697 -165 1059 -42462 -9332 13267 -18442 -6171 73804 38537 -85685 72335 29925 -31171 -12951 37221 -23842 46950 28018 14396 80617 -7909 -32549 18879 42965
83701 -12174 -17481 -35543 28790 28965 -33448 -25083 -22180 50905 15152 74352 37894 -245 62360 -46530 71361 39947 31993 -17086 18793 -16414 6160 -13776 70578 27577 -17985 20077 32433 -26075 -64906 -17740 -51537 10398 -55370 -21067 1134 -42867 30893 -16283 25222 18106 -9801 17268 18012 -77477 30972 4722 12357 63584 62168 -24653 51675 -22652 -3500 14570 9333 72426 -10585 -29338 -46366 99436 -56864 36039
-4081 -10715 -20118 4509 -944 -14352 -9642 114977 60843 -7492 29189 -5378 -7381 -14860 2148 33274 57030 22116 182 67732 -32386 1825 19983 -55200 -10684 -12938 -961 -31034 42279 35587 -26285 -57833 -36839 -14158 48820 -1053 35741 -6986 34900 30513 12088 -5821 -24651 37698 56249 54058 -13460 11410 720 49085 51496 59687 -13555 15774 -32482 65993 -34993 13883 11326 -57301 277 26389 -46363 -250
-37182 39242 -60479 17406 26186 -80878 -77500 -4706 57103 -61954 87769 78640 -11736 15172 29636 1163 -5186 19461 111095 -10528 -48726 -11910 50251 46112 33131 14992 -54256 7539 -10225 -81797 -30088 -94924 -42828 -20564 19211 45752 22207 5858 20183 -21349 5014 21904 -18004 62545 24740 -77594 -40496 4421 33324 -19374 56385 -26766 6475 24005 13590 511 -45771 75862 14537 673 -60521 -27342 -40836 -14458
57121 78031 54295 -23736 -28081 18118 82071 23966 63503 15444 -41703 -40016 -22722 49953 78723 -26298 -63688 9694 -34386 -10994 -34940 -47490 -9756 -68480 -8107 9748 86316 -8565 20586 -63286 -10045 69523 10957 -44494 -49602 17532 34531 17797 -15940 -35359 -268 18360 51332 10147 -4647 33225 877 -30873 -14512 -26695 -58014 -57274 -4150 7863 -9831 -42772 -71901 -21807 -49634 95317 24876 94979 -71679 23922
-63323 -32489 27687 54809 -14652 62926 -20370 -7577 -23502 25194 12757 -13159 48037 21269 40553 37915 44458 -46750 40554 7019 -36265 67919 -60905 -40252 -50978 59479 -27863 4124 27483 12821 40656 77175 -33428 31399 96831 -38620 -74826 -9983 27042 291 7196 3935 8183 -12827 -21343 35263 50925 3925 5257 -29787 -16563 77389 53999 -34119 -84788 -60273 -37625 -70450 -44512 38609 -36814 30217 67383 -84349
23654 -33643 51522 9192 -70379 50053 -8914 40683 13453 18997 -21759 -43107 16676 -68883 98447 17220 22665 -72494 -40369 17484 21146 -3348 -25734 45491 936 -23834 -26294 61057 -2981 101112 -39444 2666 -60342 -14279 -61660 26046 -71584 87454 55377 -52703 55225 34187 24550 -13590 54942 1264 -52759 -22014 -65930 53474 13275 -19009 -18365 41297 -2687 102376 -6018 15222 -61942 10757 -45072 36940 -87497 -36844
-31753 -54097 -27109 804 -30243 -29370 -8516 -53139 -44447 341 -18535 36303 31084 -10255 58061 -1501 11723 -76045 101051 41174 6347 14725 32398 -47107 3225 45639 38495 -39988 -39515 -51006 -21079 29290 -3107 -30288 -818 383 31093 -48058 -20581 -16463 95244 17575 -40365 4455 -70825 43924 53508 -21699 -1364 21449 -30880 -40478 74835 8589 24259 4486 -48630 3238 -4965 -33764 -13306 62309 16075 2590
35513 36828 -54697 -51141 -26924 -68954 87554 -30656 -23487 -44717 5261 -62981 56710 22826 81842 45302 -16973 88180 22659 110125 -1020 -19737 84478 19983 75064 -22022 27810 -38049 70547 57194 6015 -55832 -78840 -23568 74811 10373 -8104 -44079 19472 -82194 -4958 56364 54548 -73463 -2200 -113579 -24656 49663 21369 93418 5110 18539 35971 -39232 22757 54530 2067 -33447 -44516 67033 -9967 48287 23353 106168
-55434 -28057 40345 -7991 -66370 50601 -91485 57693 -80049 -21042 9757 52056 115728 -50063 -71821 21619 -25776 -67643 -6131 58474 65194 7043 13701 17520 25840 -40127 -73634 40686 -27390 84718 -31261 -23453 -1134 -14907 8451 17781 -23187 25554 -24972 -16852 -122529 -45138 11912 -7895 -1772 -54912 -7570 9798 -8698 21248 32079 -35134 -3834 -34206 75864 19620 62563 -5508 -33416 -27060 16620 -28225 -52630 -61697
-21675 14334 -513 -29859 42109 2487 -5216 -53161 41560 43445 42519 13542 -30960 22859 -16924 -37721 -39818 22462 11730 -48127 102426 18281 -7319 -24932 8048 -37760 -29377 -21693 -51903 -38207 51036 -1850 66225 65316 -77650 60048 26831 15958 -21489 -31864 -29141 22593 -24915 -67112 -72993 -39884 41445 -933 -50912 -53202 -68283 -47260 72960 -41149 3743 -2295 34087 -14726 -32223 11635 285 47843 26775 78142
-65387 -2467 -52663 -30872 -31420 38602 73962 -45391 -76785 6284 9761 -26231 47760 -78049 29978 65935 52213 -21557 -32470 -22788 64833 -33110 21711 34531 65664 17302 -87743 9882 -12589 102774 16084 -33392 -39287 76601 16416 -1296 -4667 -31607 12059 33303 -53050 68939 57447 -16885 2989 -23258 -56158 -42864 60512 46119 52018 -28019 -326 -12191 40203 24121 11410 30649 1533 -72908 74376 39497 56203 65989
-56743 -66664 10531 72790 24235 -29639 -15870 -35842 15187 -7287 -48897 5375 -71349 -26999 34156 3137 5199 -28002 41794 28444 -47764 32250 -11565 15230 -12793 76793 -16319 -13448 27972 -12546 -30434 49960 -18927 8307 -28381 31108 -46759 33724 -38108 -50735 -54711 23862 76347 81847 -45650 -52370 -46450 6703 -71003 57771 -31676 -42082 25894 -1645 -23932 -34920 7138 -61654 1805 60963 -57183 -16827 -101594 6833
36812 12238 33888 9719 41195 13778 92815 6125 9861 52442 -8092 -57837 -22497 62194 11225 85697 -40079 39802 25132 -72761 -7006 -24796 9130 -14714 -12506 16474 -79420 -20564 -24529 -26829 42969 -72728 62791 -12031 -51499 56487 59022 9248 13547 43438 -1728 16862 72334 37206 -20978 6677 32672 -17932 63428 -15859 49134 41130 22426 -11377 41504 -70579 -51837 15255 -34719 74158 -10165 -9628 29 -1177
46688 -15047 11853 -42618 -10374 -25942 -55408 -13355 -5217 -36180 35758 62520 -48900 56982 -13780 -20012 -35580 -8305 71075 -3804 -53941 12537 -47164 14190 -65589 -35009 36785 14335 -11245 -79882 -11239 -40315 66857 -21110 -54593 25838 -21480 -5034 -26064 -5520 10371 -8385 -4718 -14897 -56748 -44137 -11407 33405 -39374 -4457 -45864 -1301 29480 21238 39181 -60246 -6851 -17341 -48806 48680 17171 -26190 -1287 -8940
-20406 -95107 7482 30820 31276 119038 47443 -69713 20578 60885 -37990 -97834 -16201 -49790 26206 -42008 -61420 21195 -49377 -26031 55369 -31739 8297 -20655 -17087 -61265 -17265 -25489 -1690 -67410 26312 -27786 17625 -5273 14500 14295 76006 60826 1167 12146 -53776 9319 2615 5698 -26837 -34742 -14587 11992 -43875 35240 -19968 7057 -6228 25929 -18327 19611 -80371 26112 36721 8815 -57104 19919 -18559 5599
43940 10070 46266 -33833 28752 44980 -12849 110449 73687 27471 -60456 26467 11925 19350 28539 -12287 61864 -30463 -10822 42244 -27891 87843 -18864 -14504 -46092 -64028 100641 -8609 -13930 -25601 -68229 25584 45261 8359 -32718 7570 -72044 -1998 -4692 -14675 14689 -35164 -16740 -3567 5253 -435 7953 -56048 29314 39672 25938 17047 36371 -20577 8191 5954 -11736 -25546 -13923 35121 -8593 23753 -5408 -40122
-23864 16395 -58318 3358 51731 21707 -19877 -96446 -30927 -30082 -12490 74232 31826 11041 71437 12268 -49495 48108 74148 -14252 17468 27996 47669 97596 -33603 -32220 -17259 -8868 72153 12895 26747 -32404 -46893 11802 21778 -140 -80163 -31423 7328 62773 18533 42727 49128 65461 -48556 8158 11012 -23106 9860 -48171 1707 10100 49257 -75275 76394 -28824 -18206 -20848 -6293 19171 -9529 -43792 -63132 43309
98780 -4383 13114 -37536 7233 92008 -4674 4879 -22990 6816 -27916 5288 27619 40021 54651 -4350 -16874 -20769 -66911 -32461 27846 -19609 -55718 -36596 -25252 -36420 -66284 101205 -101709 82987 2156 29150 25401 23848 42729 -1192 25427 -22344 5528 7560 32101 15449 50916 36578 22706 94094 24006 -18291 25341 13783 -29526 61349 -32194 2544 -12746 81710 -6840 11162 -26836 -41564 354 19648 -43108 -12001
31381 -110287 26636 29781 -28461 32386 15506 -63355 33897 44717 50299 -78703 51355 -11863 -41265 67554 -36337 -41665 -52523 60920 22709 -100878 8617 3643 16255 -16352 -40497 -19058 62369 55474 47595 -11525 85482 -41964 -24630 -2536 -17604 -18613 49556 -7943 55416 86628 13319 -48287 50278 21851 28477 7374 -60756 6534 28497 -30438 -26977 -12755 1282 108223 31892 37450 -5226 41115 -2582 -37777 29803 48928
-20274 -56652 57138 69116 39904 -4702 -93941 8903 40551 -85941 -24 4297 40881 -28128 -13978 38998 -7076 58581 -28291 16024 43709 -17880 16980 103675 -18620 -126370 7650 19894 -20722 67594 37391 -12391 31856 13320 4066 83567 -21174 -26044 13692 42645 -11023 -49556 -65306 51488 -38951 37746 -16524 39258 -70092 11385 29102 -17971 38090 -15791 -11368 42472 47110 -11539 -21721 -16845 -30406 -74532 -68088 -16527
-30729 4371 57414 13319 -17162 -32874 -77722 -37822 69966 -49854 20736 44202 -56122 31287 -12121 -77913 71655 -65056 -12817 -117373 -62212 66961 -48596 19969 -89362 -29680 52081 103447 11386 -46962 -1624 78085 44479 -2527 -44515 -32157 123 40093 15200 37462 -13910 -57875 -30199 2228 -45441 23410 56923 -7746 -23698 -21606 -64313 -592 -45520 15539 -41632 -41669 -28436 18238 -40759 -32994 -18663 -9136 21664 -23022
-25522 64763 52149 -49837 1494 -21029 -141911 38800 27190 29713 55609 -3031 22425 -19938 -91539 32439 12387 50668 13696 31280 -1011 -1610 -3763 -13671 -79254 -537 5367 -5692 40609 19045 -47915 -36874 8033 71322 -30598 16124 -25739 62537 -40054 -30591 7795 -75910 -67513 -23839 77131 -7362 19718 30175 -19778 -55404 702 -43391 -45526 -54178 62757 -10193 119405 37951 5229 -79391 19758 24502 -27470 37139
34140 27174 32512 53740 -74256 55030 23905 -27011 -21296 -93620 -31569 -38062 24175 -22399 73 -23193 2442 -42608 -29169 -38608 -21479 -19003 1162 -28743 23784 -33218 -34637 65388 -59623 1135 41967 3857 430 -26755 52031 44335 69555 20930 2572 6842 -17107 -64397 101189 -3668 -30737 -9084 16458 -41890 54161 3478 -87265 9771 -20456 -32488 -79956 -29814 -51707 -60928 -67541 12801 33243 41811 -64818 -15755
81192 -84136 79792 39068 20551 19543 -13181 -8550 -4627 -25568 -59086 -10424 21919 9038 -30273 -9298 -40186 -28472 -36002 24207 47330 -32189 72128 28398 72687 -10689 -107535 20379 -4589 24686 -27343 26717 -5622 28635 -12493 -7533 -38506 93746 -20287 -53225 -102318 -69069 -4866 27242 -2721 -80470 17178 -35280 11944 37079 24721 -2295 15207 -17859 -36789 -17241 -40480 -16007 -30530 -26282 35517 11015 14972 -54377
4745 -74938 45508 15145 -39612 56980 10608 16769 40178 -17547 -39977 -5517 -10962 -14490 30919 -33053 -15503 -58481 -27129 -46451 -13714 26131 44836 36282 36195 62087 -23360 63104 -27973 76914 5093 102858 -19358 -69249 -17230 -22243 897 14804 42816 -20213 35426 23924 -38057 -26823 33611 28529 5814 49812 35327 59833 58733 -4813 11176 32012 -107607 97831 -33719 -21231 62663 -79608 -44840 4359 -46630 -39736
37624 3558 17850 19852 67798 65079 17024 -16448 -16266 21120 -80274 4183 6596 6117 51387 -32700 -26503 43772 63824 21656 -61343 -4844 22856 -36204 -61906 28777 -1555 -39547 69506 -41353 18343 875 -26453 447 -8448 -70757 -64016 2324 -11853 44589 7478 29014 16161 37304 27855 36367 34593 -23172 49 -18955 22358 69883 -29428 -60997 22126 -25787 -14846 26154 -27869 81043 -43958 -10035 16152 -24971
15147 26010 45251 46926 -32314 58481 -7328 75303 -5871 36088 -43698 -31158 30722 -32548 -80057 -70974 77041 -38321 -79017 24974 -7584 -8996 10706 -48901 30921 48852 58853 -11795 -30698 21200 26627 -5299 -14438 22276 15880 -13607 143 145756 71085 -9902 -51657 -1303 -22131 -3255 2821 -18263 -78949 -69336 11923 23263 16733 -14117 -15425 22424 -40470 -18283 -51058 33581 -39158 78040 30096 77124 39555 -74417
6662 -13235 9116 -3267 -32662 31596 -10442 -55770 -54021 19854 -28608 11826 62268 -6988 3895 -5735 70531 10632 16017 -52357 -39677 27120 -2479 -32055 -1500 23258 -4504 -24040 52195 -16494 -970 -18045 16117 -26986 -9138 -2926 5626 -45449 37447 114312 41564 -9208 63455 -20164 -6327 -159 10579 10469 57830 13661 6503 53737 -4524 8997 27456 -18015 -29479 43446 -30066 -21950 -18694 4248 -20328 7303
-37768 16111 11626 46770 38230 -16413 -17726 77061 13033 -94741 -21965 31803 -10649 -13619 -18927 6757 45023 27894 12888 9966 -38930 54668 -25805 -2326 -11175 -28386 14355 15382 80347 15173 81588 16088 -11295 -4811 50454 18856 15349 -4404 20002 24964 -37699 5596 -48637 77918 24007 -27627 -9226 40548 -61715 -15770 23545 32635 -22263 -28661 -9593 26980 41744 -384 -83459 9289 -61532 -100893 -30661 -36898
33157 6000 2236 3715 67808 27290 -82165 -6932 36511 54407 27426 10550 -23314 -61165 -64576 45844 65408 46090 22732 -20528 -15954 255 -17387 7472 -1164 -64260 -24092 -92187 26460 -4480 -10147 -92315 58267 33060 -57016 75976 73872 2249 -3769 34839 44065 -37442 -90585 8943 -13276 44288 14466 43754 -45755 -39236 6554 -21679 -1950 34600 24106 57867 64854 45908 -16226 -14169 -46325 -39383 22719 -15929
-22706 43094 -18130 86908 32749 1154 -41045 -37993 104407 -29368 -30282 20181 -19272 58849 44633 -23099 -38666 34184 9862 -25512 -8071 106160 8582 57180 -25839 -24881 -42319 75264 -14809 15232 16469 -15760 -78807 -42951 22940 -22522 -54555 35605 -37707 47811 -1152 -18595 -3626 -52859 -48887 -32441 -48384 -20672 -375 4646 -20988 10575 75743 -7634 -68945 -17471 -9298 -19238 30819 41275 -29830 41537 -6943 41660
-31727 -12522 -20405 -6993 -1136 867 32425 113138 -39599 20931 27544 1883 7938 -36606 69910 60499 9236 -688 56657 58513 -11912 23360 52601 -3438 -22338 45115 -5520 14394 24830 -39478 -38303 -38127 28467 32678 -33878 -14566 -57540 -17006 29371 44797 65796 -14040 45082 -38914 -66332 40857 18920 -11381 5079 -6930 19055 39916 23640 -33892 -8123 62148 -20585 -3110 46172 45099 24701 11298 54531 6284
-32741 -49322 -5250 -59475 8522 10523 23995 -11567 11119 14991 15488 -29088 36601 39282 15493 32459 -137585 -6205 10812 -14710 25318 22040 -7554 -2390 40612 38831 12372 -23311 19206 -84434 58078 -1497 101466 -109057 -76913 49887 28917 40226 21851 -59588 33131 -32927 1381 -37592 -46864 7636 91886 99977 -37392 -43516 -29243 -9225 11250 45945 15951 543 -16026 6987 20579 25197 -165813 -83441 10034 45342
66904 834 -9464 2474 13952 36161 -41244 104712 22550 -9711 52645 -6730 9387 58376 -23500 -28782 62084 29220 82281 22754 19980 -36283 -51814 -7645 23095 -21059 -16870 30037 -48354 51046 6649 39772 -19768 41079 23657 -12511 24615 18815 -64171 40023 -41614 13983 65895 -43697 -18689 -19490 33591 5941 -27070 -52170 -40599 41930 -14821 -107317 -84805 -104259 -27679 -94986 -54754 -48870 60719 -3342 -13090 -3898
67389 -104057 28892 -64809 58507 -2605 -17865 -20918 43242 42766 1604 -39460 -19618 -33185 -26812 -54182 29457 -28802 10604 -33329 25716 3754 -23278 45581 -90982 -13087 66204 39638 73833 -45322 8667 28589 92344 32456 -50423 -31168 -13752 42000 -21260 17184 -41685 -25008 -50128 7032 -81116 65030 81865 40696 -14798 36559 -47380 -20444 -11922 6109 -17472 2890 -7990 48191 -34703 3007 -47243 -75233 43416 12905
-53960 65306 64695 29889 -19716 6132 -15852 53071 -8576 -67197 -84021 -92609 48868 11499 33727 -10310 41060 68937 15671 92335 31538 42568 8426 35999 -68446 -14464 99528 28291 12776 82028 76550 97671 -39016 32186 64630 -13576 -65189 -25491 -8888 7084 -44695 -58046 42988 -28768 -37838 19795 -43356 -86945 66433 51845 -60401 2578 -10872 -29933 17088 -71818 59614 -79143 -54768 87181 89470 83257 -29168 -12775
65466 40360 -59882 -55706 -16999 -73949 40865 70774 25652 -24615 50020 67641 -31952 23864 37748 61113 -59816 90242 58840 -40399 -64549 -33590 2116 -8235 21757 -16058 7364 -50541 55264 -102974 -74618 -115776 -5011 -76731 -62989 34787 89600 -42300 -64206 -37035 81979 35619 4839 -21360 12295 -36580 28054 57254 -50619 -44590 49099 25242 38698 -28617 17091 31426 -39534 15199 16602 -11983 -84921 -123425 -19710 76376
13387 71898 -34997 -744 45129 -27545 -18167 -4017 -17065 44574 43545 -25681 12624 -3333 13546 12874 41931 102511 43881 -39289 140 8803 30819 15660 60060 4582 -31203 -82174 65607 -56477 -11732 -92623 30024 55071 -34980 38856 57285 -35467 32634 20366 34659 -100535 -25089 6888 -8462 28000 40252 68469 80045 -68267 62843 -14820 70867 -14084 -12493 -13379 12845 18140 87597 -9795 5989 47870 -11444 14563
