44 0 0 0 0 0 0 0 0 0 0 0 0 0 0 0 0 0 0 0 0 0 0 0 0 0 0 0 0 0 0 0 0 0 0 0 0 0 0 0 0 0 0 0 0 0 0 0 0 0 0 0 0 0 0 0 0 0 0 0 0 0 0 0
-40 -118 0 0 0 0 0 0 0 0 0 0 0 0 0 0 0 0 0 0 0 0 0 0 0 0 0 0 0 0 0 0 0 0 0 0 0 0 0 0 0 0 0 0 0 0 0 0 0 0 0 0 0 0 0 0 0 0 0 0 0 0 0 0
-13 26 -1 0 0 0 0 0 0 0 0 0 0 0 0 0 0 0 0 0 0 0 0 0 0 0 0 0 0 0 0 0 0 0 0 0 0 0 0 0 0 0 0 0 0 0 0 0 0 0 0 0 0 0 0 0 0 0 0 0 0 0 0 0
14 -120 50 12 0 0 0 0 0 0 0 0 0 0 0 0 0 0 0 0 0 0 0 0 0 0 0 0 0 0 0 0 0 0 0 0 0 0 0 0 0 0 0 0 0 0 0 0 0 0 0 0 0 0 0 0 0 0 0 0 0 0 0 0
55 -69 -83 118 -81 0 0 0 0 0 0 0 0 0 0 0 0 0 0 0 0 0 0 0 0 0 0 0 0 0 0 0 0 0 0 0 0 0 0 0 0 0 0 0 0 0 0 0 0 0 0 0 0 0 0 0 0 0 0 0 0 0 0 0
58 -60 -57 -123 12 42 0 0 0 0 0 0 0 0 0 0 0 0 0 0 0 0 0 0 0 0 0 0 0 0 0 0 0 0 0 0 0 0 0 0 0 0 0 0 0 0 0 0 0 0 0 0 0 0 0 0 0 0 0 0 0 0 0 0
14 53 70 -98 80 77 68 0 0 0 0 0 0 0 0 0 0 0 0 0 0 0 0 0 0 0 0 0 0 0 0 0 0 0 0 0 0 0 0 0 0 0 0 0 0 0 0 0 0 0 0 0 0 0 0 0 0 0 0 0 0 0 0 0
-28 105 -120 -12 39 -109 76 23 0 0 0 0 0 0 0 0 0 0 0 0 0 0 0 0 0 0 0 0 0 0 0 0 0 0 0 0 0 0 0 0 0 0 0 0 0 0 0 0 0 0 0 0 0 0 0 0 0 0 0 0 0 0 0 0
41 -101 63 -36 -100 -31 -59 -59 -11 0 0 0 0 0 0 0 0 0 0 0 0 0 0 0 0 0 0 0 0 0 0 0 0 0 0 0 0 0 0 0 0 0 0 0 0 0 0 0 0 0 0 0 0 0 0 0 0 0 0 0 0 0 0 0
77 -72 -78 -48 -97 88 -5 -34 -70 38 0 0 0 0 0 0 0 0 0 0 0 0 0 0 0 0 0 0 0 0 0 0 0 0 0 0 0 0 0 0 0 0 0 0 0 0 0 0 0 0 0 0 0 0 0 0 0 0 0 0 0 0 0 0
-30 -125 -45 39 -29 58 -17 56 115 -71 -106 0 0 0 0 0 0 0 0 0 0 0 0 0 0 0 0 0 0 0 0 0 0 0 0 0 0 0 0 0 0 0 0 0 0 0 0 0 0 0 0 0 0 0 0 0 0 0 0 0 0 0 0 0
65 -40 -115 -78 52 74 113 -73 -96 18 -87 55 0 0 0 0 0 0 0 0 0 0 0 0 0 0 0 0 0 0 0 0 0 0 0 0 0 0 0 0 0 0 0 0 0 0 0 0 0 0 0 0 0 0 0 0 0 0 0 0 0 0 0 0
-86 -70 -25 122 35 -92 26 28 -94 93 -90 -30 64 0 0 0 0 0 0 0 0 0 0 0 0 0 0 0 0 0 0 0 0 0 0 0 0 0 0 0 0 0 0 0 0 0 0 0 0 0 0 0 0 0 0 0 0 0 0 0 0 0 0 0
-88 54 -15 -47 -16 -106 116 27 -8 99 81 85 65 76 0 0 0 0 0 0 0 0 0 0 0 0 0 0 0 0 0 0 0 0 0 0 0 0 0 0 0 0 0 0 0 0 0 0 0 0 0 0 0 0 0 0 0 0 0 0 0 0 0 0
109 -55 -91 19 -66 -47 -105 20 -75 -45 4 35 69 -62 -95 0 0 0 0 0 0 0 0 0 0 0 0 0 0 0 0 0 0 0 0 0 0 0 0 0 0 0 0 0 0 0 0 0 0 0 0 0 0 0 0 0 0 0 0 0 0 0 0 0
60 -110 46 22 -92 94 -61 115 104 -90 97 17 65 -98 -56 88 0 0 0 0 0 0 0 0 0 0 0 0 0 0 0 0 0 0 0 0 0 0 0 0 0 0 0 0 0 0 0 0 0 0 0 0 0 0 0 0 0 0 0 0 0 0 0 0
-115 -61 -111 -65 -13 92 -26 -114 64 55 -100 -17 0 -65 -120 -6 -61 0 0 0 0 0 0 0 0 0 0 0 0 0 0 0 0 0 0 0 0 0 0 0 0 0 0 0 0 0 0 0 0 0 0 0 0 0 0 0 0 0 0 0 0 0 0 0
95 -94 42 51 -56 53 -58 97 103 69 87 -35 -127 40 127 117 102 51 0 0 0 0 0 0 0 0 0 0 0 0 0 0 0 0 0 0 0 0 0 0 0 0 0 0 0 0 0 0 0 0 0 0 0 0 0 0 0 0 0 0 0 0 0 0
61 122 -127 57 11 -75 5 -107 35 -89 -28 -64 12 -47 29 20 126 -3 -50 0 0 0 0 0 0 0 0 0 0 0 0 0 0 0 0 0 0 0 0 0 0 0 0 0 0 0 0 0 0 0 0 0 0 0 0 0 0 0 0 0 0 0 0 0
-126 58 -122 41 -7 -24 16 13 -118 -93 87 -34 -50 -53 -128 -94 -119 -57 46 26 0 0 0 0 0 0 0 0 0 0 0 0 0 0 0 0 0 0 0 0 0 0 0 0 0 0 0 0 0 0 0 0 0 0 0 0 0 0 0 0 0 0 0 0
-87 -93 -30 19 -57 -121 63 65 56 -37 -115 26 -33 -113 -74 103 0 77 -75 74 123 0 0 0 0 0 0 0 0 0 0 0 0 0 0 0 0 0 0 0 0 0 0 0 0 0 0 0 0 0 0 0 0 0 0 0 0 0 0 0 0 0 0 0
-43 49 25 78 -10 71 96 -99 -109 68 102 -22 21 -36 -108 -45 -63 -24 50 71 -89 -46 0 0 0 0 0 0 0 0 0 0 0 0 0 0 0 0 0 0 0 0 0 0 0 0 0 0 0 0 0 0 0 0 0 0 0 0 0 0 0 0 0 0
53 41 10 -87 69 39 57 40 124 -116 -91 109 94 -85 27 -22 -7 117 79 -92 -49 -54 34 0 0 0 0 0 0 0 0 0 0 0 0 0 0 0 0 0 0 0 0 0 0 0 0 0 0 0 0 0 0 0 0 0 0 0 0 0 0 0 0 0
-103 119 96 50 -101 -50 27 -55 -10 83 -1 -123 -42 -6 -1 41 15 -22 23 -124 57 -121 106 91 0 0 0 0 0 0 0 0 0 0 0 0 0 0 0 0 0 0 0 0 0 0 0 0 0 0 0 0 0 0 0 0 0 0 0 0 0 0 0 0
-59 38 -24 58 23 118 -6 -120 56 75 -92 19 60 16 -111 -13 69 -92 120 50 36 -54 110 79 67 0 0 0 0 0 0 0 0 0 0 0 0 0 0 0 0 0 0 0 0 0 0 0 0 0 0 0 0 0 0 0 0 0 0 0 0 0 0 0
70 -40 -88 -40 -31 123 -96 9 -84 6 -42 -52 -33 9 -104 107 73 28 -32 17 103 103 17 -93 -41 -10 0 0 0 0 0 0 0 0 0 0 0 0 0 0 0 0 0 0 0 0 0 0 0 0 0 0 0 0 0 0 0 0 0 0 0 0 0 0
-55 90 42 111 126 115 15 2 87 -85 -62 0 -42 50 -71 -57 -5 -32 -84 -9 42 -17 122 9 47 40 -3 0 0 0 0 0 0 0 0 0 0 0 0 0 0 0 0 0 0 0 0 0 0 0 0 0 0 0 0 0 0 0 0 0 0 0 0 0
67 -63 81 -81 -61 84 127 -33 83 -118 -72 -54 -11 42 -26 -86 -85 120 -64 82 20 -65 -22 -46 -1 -99 -27 11 0 0 0 0 0 0 0 0 0 0 0 0 0 0 0 0 0 0 0 0 0 0 0 0 0 0 0 0 0 0 0 0 0 0 0 0
-47 36 -35 -49 -27 -47 49 63 3 -49 -78 39 24 -76 -37 -27 104 60 -21 61 -34 70 86 -103 -75 82 57 7 -25 0 0 0 0 0 0 0 0 0 0 0 0 0 0 0 0 0 0 0 0 0 0 0 0 0 0 0 0 0 0 0 0 0 0 0
-60 86 108 9 71 117 -21 113 -84 -33 21 52 88 20 0 68 -56 -23 13 -112 -1 -18 5 -119 41 -36 85 94 46 -3 0 0 0 0 0 0 0 0 0 0 0 0 0 0 0 0 0 0 0 0 0 0 0 0 0 0 0 0 0 0 0 0 0 0
-124 77 5 -47 -100 3 127 -60 -48 108 -101 29 -85 96 -86 8 77 -113 -75 -47 67 105 -7 -7 -44 111 -99 113 64 72 101 0 0 0 0 0 0 0 0 0 0 0 0 0 0 0 0 0 0 0 0 0 0 0 0 0 0 0 0 0 0 0 0 0
-77 36 40 -81 -77 -50 9 -73 -25 60 111 -12 89 -54 -115 -30 61 -115 16 84 -24 39 -99 -125 99 -80 -22 30 -96 -119 95 88 0 0 0 0 0 0 0 0 0 0 0 0 0 0 0 0 0 0 0 0 0 0 0 0 0 0 0 0 0 0 0 0
-34 62 -91 4 -8 -27 -25 97 12 95 22 -85 -82 4 43 120 -49 101 -43 23 -51 -77 1 -123 -128 44 -56 -113 5 34 62 -6 -119 0 0 0 0 0 0 0 0 0 0 0 0 0 0 0 0 0 0 0 0 0 0 0 0 0 0 0 0 0 0 0
8 -4 -108 93 -106 20 8 27 -110 -29 -84 109 -94 -113 54 -14 -3 -62 65 80 26 62 -27 -73 -128 33 18 -16 -71 -105 -76 94 -40 36 0 0 0 0 0 0 0 0 0 0 0 0 0 0 0 0 0 0 0 0 0 0 0 0 0 0 0 0 0 0
89 38 -36 -91 39 54 -116 103 107 17 66 29 62 -85 10 -86 -96 -67 -74 116 -7 69 43 -126 -46 -74 91 -66 75 -24 -47 66 -46 -34 -12 0 0 0 0 0 0 0 0 0 0 0 0 0 0 0 0 0 0 0 0 0 0 0 0 0 0 0 0 0
25 21 -1 13 30 25 68 46 8 -65 -61 113 124 -11 99 -21 23 -8 112 30 -45 -117 -30 -34 -117 90 -120 -104 58 72 -59 -90 -97 59 -21 -20 0 0 0 0 0 0 0 0 0 0 0 0 0 0 0 0 0 0 0 0 0 0 0 0 0 0 0 0
-23 -32 17 43 -69 62 -64 -8 -12 48 12 50 -84 97 54 -42 90 42 40 38 -87 -74 -19 101 -98 -24 -59 -118 -15 -37 -33 120 -90 90 6 17 83 0 0 0 0 0 0 0 0 0 0 0 0 0 0 0 0 0 0 0 0 0 0 0 0 0 0 0
-108 -118 -125 -42 -115 -56 -70 63 99 -89 -86 101 -36 18 88 27 34 34 50 -103 -104 24 -124 -23 66 57 91 49 10 87 30 34 -93 -50 23 122 -47 94 0 0 0 0 0 0 0 0 0 0 0 0 0 0 0 0 0 0 0 0 0 0 0 0 0 0
-119 -42 -43 -53 66 124 -48 -86 -36 84 106 -30 81 35 79 45 8 39 88 -97 -117 96 73 -69 -19 -103 -77 42 46 119 -14 31 -60 -71 50 5 -29 11 33 0 0 0 0 0 0 0 0 0 0 0 0 0 0 0 0 0 0 0 0 0 0 0 0 0
-70 117 -116 -1 -108 -65 -63 59 53 17 17 115 56 -32 117 17 -93 0 -30 56 -75 -36 -84 63 33 -26 -1 -127 -126 -73 -109 31 -105 -111 49 28 74 -32 13 31 0 0 0 0 0 0 0 0 0 0 0 0 0 0 0 0 0 0 0 0 0 0 0 0
33 15 -64 -103 113 -17 105 85 -48 -63 -106 -122 55 -93 118 121 -11 -69 -44 5 50 99 -3 -46 -110 10 1 18 -104 59 48 -15 50 -69 -122 42 104 66 -66 -28 -107 0 0 0 0 0 0 0 0 0 0 0 0 0 0 0 0 0 0 0 0 0 0 0
118 -75 -37 -24 -92 -53 -76 -73 120 -71 113 -98 -6 107 -46 54 -85 -77 -97 52 -40 -41 -17 -103 -61 73 92 -27 120 -75 35 16 -14 14 50 125 -26 -115 -100 -7 37 -47 0 0 0 0 0 0 0 0 0 0 0 0 0 0 0 0 0 0 0 0 0 0
-21 48 -76 -108 60 3 -119 88 -68 71 32 -4 45 -37 68 37 -23 -40 -45 9 61 -108 115 71 -24 -16 67 36 -53 -44 -3 87 99 -119 3 -88 -122 -81 106 -101 88 102 -39 0 0 0 0 0 0 0 0 0 0 0 0 0 0 0 0 0 0 0 0 0
-54 4 20 -59 1 77 119 -127 -31 -10 127 21 -70 75 -86 -12 -37 90 52 61 -14 -24 -45 -116 -77 -74 -15 -19 -24 19 16 -91 -77 74 -26 86 79 51 -76 -72 116 39 115 37 0 0 0 0 0 0 0 0 0 0 0 0 0 0 0 0 0 0 0 0
50 -20 -23 -56 -100 79 -12 -25 9 -35 -87 72 26 -113 66 54 -64 115 6 -32 125 12 62 -3 -20 -111 -29 -18 -88 -89 105 35 -3 1 -116 -56 -92 42 -3 39 116 -56 21 108 114 0 0 0 0 0 0 0 0 0 0 0 0 0 0 0 0 0 0 0
-23 90 63 -62 -44 -35 -88 70 -60 -8 -44 118 7 -26 117 44 -45 -69 27 125 -45 -22 -63 24 -95 -69 -105 107 82 -66 -106 44 52 -30 61 17 -85 117 7 117 -9 -30 -89 76 -103 86 0 0 0 0 0 0 0 0 0 0 0 0 0 0 0 0 0 0
-106 79 -82 76 30 91 18 -64 -37 21 52 89 16 -125 45 -97 -102 66 127 22 58 84 61 93 1 -104 75 89 84 43 98 -27 56 96 5 -95 20 -78 -12 -42 68 108 111 -22 49 -62 -26 0 0 0 0 0 0 0 0 0 0 0 0 0 0 0 0 0
75 -12 103 -18 115 -5 117 -63 -15 50 56 35 -27 113 125 -117 43 117 -100 47 -35 119 -98 -13 -98 24 105 93 46 -104 36 96 32 122 -101 45 -48 -36 70 44 13 27 46 29 23 -4 -119 -30 0 0 0 0 0 0 0 0 0 0 0 0 0 0 0 0
-63 -49 -17 -81 45 -55 41 -18 -60 -71 -13 92 54 -23 5 123 -4 -17 -14 -75 75 -20 -80 30 -62 -41 -90 -115 -125 -60 -79 -72 54 67 15 -71 -126 -76 -9 122 34 11 -97 43 -111 96 -120 86 -92 0 0 0 0 0 0 0 0 0 0 0 0 0 0 0
-14 75 96 103 62 -88 38 -83 7 91 112 -69 80 26 64 -12 80 -10 -119 4 7 42 -98 -8 49 53 -124 -120 5 -89 -20 -38 111 -19 1 97 -61 3 45 93 58 103 -63 -102 -117 113 -67 77 -51 55 0 0 0 0 0 0 0 0 0 0 0 0 0 0
-63 -98 -99 75 76 -86 -14 -3 73 100 40 -106 -17 75 124 -79 -72 -10 -63 -37 -54 2 64 -45 0 1 14 23 81 58 17 93 10 -109 46 -20 -112 105 82 37 81 -77 25 -100 -81 59 112 -7 115 -21 -123 0 0 0 0 0 0 0 0 0 0 0 0 0
-100 113 -71 82 13 -31 -95 14 98 -73 -62 -95 0 -54 55 -60 57 76 -97 118 -73 2 -40 -5 -5 15 122 -3 -99 104 71 -35 20 4 4 -94 100 38 -68 17 -96 16 69 -104 -11 -60 64 -30 35 2 -81 -16 0 0 0 0 0 0 0 0 0 0 0 0
123 15 56 -62 41 87 -94 -95 105 -22 50 -31 -102 92 -100 17 0 -86 -48 -56 35 -57 98 -89 92 23 6 -83 -17 -44 28 -42 -97 -12 88 101 79 -68 114 100 -125 -72 112 -98 -80 17 -99 -85 -49 106 -93 -110 -41 0 0 0 0 0 0 0 0 0 0 0
110 85 -51 -26 33 22 107 -19 -124 -10 51 -33 67 -112 -22 109 -16 15 -83 -69 120 -48 90 -58 72 2 63 -73 -87 -18 -73 72 104 71 44 54 -125 -64 -22 -65 108 -66 -31 -61 -1 -29 60 39 46 -7 57 -10 -56 -70 0 0 0 0 0 0 0 0 0 0
-83 99 12 29 64 -50 -38 -50 79 -2 16 -109 83 70 9 45 35 -64 -37 30 -14 -69 11 56 -76 -81 -85 84 86 -77 -31 64 -16 120 59 78 54 95 -43 30 24 -37 -97 55 -78 13 81 44 -1 33 25 -61 -99 24 -85 0 0 0 0 0 0 0 0 0
58 127 5 -95 -13 -55 -54 -88 -57 -6 -21 2 -5 -57 45 23 -89 53 -111 -34 23 27 -104 -75 124 -73 56 -73 110 -33 97 120 113 -27 -78 121 53 54 -87 -102 123 -52 103 -59 54 74 -124 120 -43 114 91 113 126 -125 -33 -52 0 0 0 0 0 0 0 0
18 54 125 35 31 -46 -55 58 -62 113 37 103 4 -118 98 83 96 -45 106 121 -45 49 125 52 -70 -91 79 -20 36 74 61 10 -37 -58 -87 -77 -119 -53 -96 -92 -117 21 78 115 -34 -108 -53 -36 -35 -73 -8 -75 4 -7 -66 -42 -58 0 0 0 0 0 0 0
-82 7 -52 -66 -9 -30 106 9 -116 123 11 48 113 -116 -79 -111 85 -126 -117 -95 47 -125 120 96 -106 -82 64 -95 -67 83 -117 -12 -35 88 105 -86 127 59 -47 -8 106 -69 -68 20 -67 -96 -27 2 -105 -65 -123 -75 -46 49 51 5 -119 -68 0 0 0 0 0 0
-10 39 -114 -36 5 -116 -48 86 69 19 41 117 -30 -63 109 -8 -121 104 -83 44 -45 7 -106 69 109 122 74 112 110 -62 106 5 -65 -40 -73 58 -93 -110 -63 -23 107 8 -36 27 29 -97 -88 87 27 88 121 40 116 92 -112 -81 19 -101 -53 0 0 0 0 0
-57 111 20 120 4 -52 25 -32 6 -118 -38 104 -34 125 -76 -88 -41 110 -33 -114 -104 9 118 -23 27 14 -98 -54 124 83 126 73 -41 -2 -47 -70 -95 57 115 -124 -99 -17 -104 -52 123 -109 -104 52 0 21 79 121 -80 -73 47 103 75 66 -50 100 0 0 0 0
26 44 96 48 -31 -121 -55 78 -47 19 102 89 -14 -110 -92 20 57 -31 -20 -82 120 116 -57 -41 -8 -3 -122 22 49 67 70 58 -103 116 63 -122 -43 77 -127 -83 10 22 52 -34 38 106 -81 46 98 4 115 -53 3 -94 19 -37 -23 -83 80 -106 88 0 0 0
-60 5 -51 -68 -10 95 -118 34 37 78 -9 109 96 92 29 -7 114 109 82 22 91 -24 -9 -45 10 101 -29 115 120 -61 75 -84 13 97 -124 41 46 -83 104 0 -92 109 48 127 76 80 16 -48 -114 44 -106 5 59 -55 -76 34 -37 70 -76 71 20 61 0 0
82 -28 -92 34 -55 107 -9 120 -81 38 -108 -120 -40 -50 -113 -69 -38 93 -62 4 21 -67 122 79 -52 -62 -117 -125 23 -31 -13 -121 49 26 6 33 -112 116 -72 118 -8 88 -107 17 37 -122 37 -7 21 79 -75 -54 -114 86 81 -47 3 -48 11 70 19 23 4 0
83 124 65 -110 -38 -86 30 50 -111 62 4 -125 -62 -81 -125 126 -122 -18 -74 9 -32 108 -28 -7 58 -25 121 -93 -99 -54 -1 -55 -110 -99 73 114 32 -124 71 46 18 -75 61 91 -61 117 102 -105 -7 -24 -10 60 -90 -37 -101 96 -79 20 -127 46 -14 -116 110 -114
0 62 23 119 -41 63 40 -30 78 92 -11 -3 -93 -109 -90 62 -36 22 -102 11 -35 -68 -6 2 -19 -30 45 117 36 -124 -123 -82 -22 -37 4 -33 -96 32 -117 90 39 32 -103 -124 -101 -66 -44 -104 -17 88 57 -14 -21 -37 46 -5 -30 117 -53 -95 -86 43 75 37
0 0 -32 -12 -23 11 -21 75 -96 49 -94 42 -1 76 58 46 105 -85 -56 51 77 -128 121 -126 -20 17 80 -115 109 -109 -23 -2 -49 116 108 55 -123 51 -125 104 21 1 91 31 -128 110 85 87 102 -72 105 97 -32 23 69 106 2 6 -33 -87 0 108 38 45
0 0 0 -43 -108 98 27 12 18 -15 42 84 59 31 51 5 -94 38 70 -11 -77 -36 82 97 101 -98 -75 -66 -110 16 32 121 -104 -33 38 67 91 22 60 -128 -22 -59 -99 -49 -37 71 -111 -93 -3 87 105 -124 -18 31 89 -61 -87 112 121 -93 76 119 -81 60
0 0 0 0 -83 87 112 28 49 16 112 103 69 114 88 -3 -36 -35 6 80 45 76 30 -92 -45 39 94 -51 -92 -43 115 -19 33 -95 -33 -67 45 -20 -15 -70 19 -104 -73 -63 -111 -115 69 -69 -93 -66 20 17 -58 4 126 -55 -109 -4 -28 -9 -59 115 -84 -13
0 0 0 0 0 105 -42 -124 52 45 126 -114 113 -94 -57 35 109 66 0 -120 -50 30 7 -105 -37 -101 87 73 51 -63 111 73 81 -53 126 -112 73 -125 -40 37 42 -120 -23 -111 -89 85 101 -85 45 -86 -62 -17 -35 21 -91 -14 -115 33 -116 -98 -86 38 75 64
0 0 0 0 0 0 -36 120 -118 12 -122 -85 -94 -30 120 109 1 -32 126 -103 -48 33 96 20 30 61 11 -59 -61 -57 33 115 -24 -50 100 112 89 -96 -69 52 -128 -35 -26 -61 73 110 98 -116 75 49 -67 -90 -93 77 -38 119 -124 125 101 -104 -7 62 -63 126
0 0 0 0 0 0 0 -44 94 38 116 94 -124 31 38 -36 42 117 16 -125 79 35 66 0 102 -91 -17 -50 92 77 105 -18 -15 -123 -10 -40 -124 -73 -31 63 -77 97 -103 95 36 112 85 13 40 69 127 -24 28 -79 34 -8 -103 -67 -47 -82 -70 -103 -10 71
0 0 0 0 0 0 0 0 -74 50 -128 -54 110 75 46 101 63 -44 -55 -99 92 -113 22 -107 117 -5 120 46 -102 -35 -100 -4 -29 13 -108 82 -13 -124 -84 45 -41 -85 44 59 -56 96 -21 -107 93 -64 -81 -126 -89 126 106 -38 85 64 46 118 46 124 -52 2
0 0 0 0 0 0 0 0 0 43 86 12 -80 -49 -127 106 7 33 -18 125 115 95 115 -50 101 60 101 -12 17 -15 -35 -106 73 -7 64 104 20 -43 -81 3 -84 -21 -28 -10 -114 -110 -96 62 75 80 69 75 71 -61 22 123 121 -127 -55 88 -16 20 80 48
0 0 0 0 0 0 0 0 0 0 21 -26 -116 -103 -121 1 -13 -100 74 4 5 60 -40 27 -62 -30 -54 -45 -19 -75 -120 100 -26 -84 40 57 94 -36 64 55 -120 93 40 -27 8 -81 86 -93 -39 127 113 19 -94 -64 1 103 86 -17 -76 49 67 119 87 107
0 0 0 0 0 0 0 0 0 0 0 108 28 -48 -126 5 -121 64 107 108 67 117 -52 3 -125 100 79 23 -82 -11 -61 -3 8 24 -102 -21 -54 51 -65 92 -28 -105 44 63 99 -20 -37 -49 -34 47 90 -27 -12 57 81 -120 -17 -106 -61 -51 80 31 107 -27
0 0 0 0 0 0 0 0 0 0 0 0 -128 126 69 44 -99 71 -113 -53 -34 81 -69 123 -26 -56 -1 -88 30 71 -103 38 78 -75 13 -61 -59 -97 -49 -52 -75 10 -46 -103 65 -126 -126 97 71 -30 108 -114 -44 -105 36 67 9 2 -43 23 -97 37 3 -18
0 0 0 0 0 0 0 0 0 0 0 0 0 -64 6 122 66 21 -124 59 53 65 27 -34 122 14 127 117 91 -107 -37 105 35 90 112 -114 53 99 18 -23 -11 15 24 -4 -115 -31 17 -73 86 89 -55 45 22 -71 120 -10 39 109 -67 100 1 41 37 122
0 0 0 0 0 0 0 0 0 0 0 0 0 0 21 -122 -24 55 49 -13 -41 71 68 90 70 56 69 113 72 -28 -89 55 -41 9 89 -34 -44 -75 11 -125 -37 95 108 76 99 -57 52 -10 79 -47 -122 -123 114 -18 -33 50 69 5 52 94 126 84 -48 22
0 0 0 0 0 0 0 0 0 0 0 0 0 0 0 119 -56 86 -128 112 3 -106 125 -27 10 70 -44 -19 60 -43 -82 116 80 -9 -112 19 43 -33 -31 64 98 119 25 -91 108 -82 -93 -105 -23 44 -126 -58 -104 -55 -15 -74 -92 -96 -89 -111 104 51 -61 55
0 0 0 0 0 0 0 0 0 0 0 0 0 0 0 0 10 -122 -38 -89 -125 10 -93 -98 24 -104 55 30 -27 90 41 -104 -113 -66 77 -57 -96 70 120 -11 6 104 -89 -80 -9 115 24 -112 -58 -13 -110 -63 -41 -98 5 -114 125 11 -45 -36 -55 -3 37 13
0 0 0 0 0 0 0 0 0 0 0 0 0 0 0 0 0 104 24 -58 -26 82 86 -99 107 -94 17 -112 8 -29 -75 -98 118 54 60 97 66 -104 -86 40 69 56 108 70 112 -118 -12 20 -7 -83 63 -57 -100 -28 46 -6 30 -47 102 -71 -67 -120 29 -62
0 0 0 0 0 0 0 0 0 0 0 0 0 0 0 0 0 0 64 -65 97 -26 -55 -53 -4 -14 71 -20 12 -7 -37 -103 115 -4 19 65 98 14 -95 -94 -57 32 47 -126 -85 27 74 -4 -122 59 -38 16 79 -91 106 -70 96 109 56 -68 -2 -108 10 -119
0 0 0 0 0 0 0 0 0 0 0 0 0 0 0 0 0 0 0 92 -110 40 16 -39 -80 -22 116 -117 114 25 33 38 110 -13 127 91 -67 34 -118 -22 -82 -23 69 14 97 -74 48 71 -79 -97 -76 103 -110 57 -50 -20 -12 -7 -75 -75 48 -125 50 123
0 0 0 0 0 0 0 0 0 0 0 0 0 0 0 0 0 0 0 0 67 85 -126 -14 -54 36 56 125 3 82 -112 -66 -5 76 121 32 41 126 -67 10 -13 -90 -18 -12 -125 -76 121 -26 51 -119 -67 -124 106 -45 59 -48 -115 -102 -91 -17 -126 48 100 113
0 0 0 0 0 0 0 0 0 0 0 0 0 0 0 0 0 0 0 0 0 82 -42 -90 -119 -96 113 97 -82 -50 -25 -48 126 -51 22 -38 -28 56 109 -107 20 -20 -14 50 33 80 17 -37 -125 -85 -27 122 -58 85 -90 -81 -108 76 -91 -12 17 -118 -115 95
0 0 0 0 0 0 0 0 0 0 0 0 0 0 0 0 0 0 0 0 0 0 -89 99 37 -29 -78 -51 25 112 -102 -1 -38 90 -19 94 -3 -96 76 -122 35 -127 29 -78 -45 51 -32 8 -65 77 -39 33 81 -121 42 87 53 29 -52 66 91 110 114 126
0 0 0 0 0 0 0 0 0 0 0 0 0 0 0 0 0 0 0 0 0 0 0 -85 25 -23 96 64 -52 -15 85 61 -71 -115 -24 -111 37 -120 -76 14 60 -111 125 117 -128 -30 -53 84 43 -128 101 123 -41 -36 -65 -73 -11 -1 27 76 63 -73 98 -72
0 0 0 0 0 0 0 0 0 0 0 0 0 0 0 0 0 0 0 0 0 0 0 0 6 -11 28 -22 -44 -20 17 -67 -59 -123 2 121 69 -98 34 34 38 101 -25 -96 70 -96 99 6 98 71 -55 2 -42 -23 28 14 -75 -19 -73 -74 -70 20 -43 -4
0 0 0 0 0 0 0 0 0 0 0 0 0 0 0 0 0 0 0 0 0 0 0 0 0 119 0 23 -126 -2 78 33 112 -15 -128 72 -103 -50 15 -15 31 24 84 -11 45 25 -7 -76 7 -108 -60 -43 -2 -109 -29 73 -90 -84 107 22 82 -3 47 45
0 0 0 0 0 0 0 0 0 0 0 0 0 0 0 0 0 0 0 0 0 0 0 0 0 0 -10 1 39 -99 -51 98 46 125 13 14 -54 37 -22 -105 10 73 -116 34 -55 -109 18 71 95 6 -51 69 31 -32 -85 53 71 34 -37 -82 11 -1 37 97
0 0 0 0 0 0 0 0 0 0 0 0 0 0 0 0 0 0 0 0 0 0 0 0 0 0 0 -116 24 -48 -78 -122 -91 -20 89 -69 91 -94 83 11 43 -92 127 -11 -81 26 -32 -84 -24 20 107 92 3 15 99 124 -98 37 117 -107 -94 20 -101 98
0 0 0 0 0 0 0 0 0 0 0 0 0 0 0 0 0 0 0 0 0 0 0 0 0 0 0 0 91 -29 -70 50 106 -103 62 -65 40 13 -59 -33 -19 124 -47 -27 -75 91 101 -45 -31 -99 -40 46 -7 -106 -59 -98 118 -42 -30 109 -80 -107 61 117
0 0 0 0 0 0 0 0 0 0 0 0 0 0 0 0 0 0 0 0 0 0 0 0 0 0 0 0 0 22 -25 -62 -12 -39 85 -59 116 -95 6 77 -107 -76 -61 -37 93 53 -68 76 57 -105 57 71 -3 -37 121 -26 -86 -7 81 96 39 -93 -14 78
0 0 0 0 0 0 0 0 0 0 0 0 0 0 0 0 0 0 0 0 0 0 0 0 0 0 0 0 0 0 71 53 32 -83 -105 86 114 -5 119 -19 123 -64 -1 -12 -16 -88 115 59 90 -28 -60 -11 -128 106 -120 -51 20 87 -10 95 84 14 79 -76
0 0 0 0 0 0 0 0 0 0 0 0 0 0 0 0 0 0 0 0 0 0 0 0 0 0 0 0 0 0 0 102 -89 -93 28 51 -12 -87 -17 -14 -39 -5 7 -64 83 -46 -123 -104 122 -116 6 37 51 -119 -89 -31 12 -113 -20 -6 -74 121 -35 63
0 0 0 0 0 0 0 0 0 0 0 0 0 0 0 0 0 0 0 0 0 0 0 0 0 0 0 0 0 0 0 0 -29 -98 18 -95 -63 -80 -128 -70 36 -75 84 125 -55 70 -53 115 43 119 -29 -28 44 2 103 -15 40 -53 67 -71 -121 -98 -63 -126
0 0 0 0 0 0 0 0 0 0 0 0 0 0 0 0 0 0 0 0 0 0 0 0 0 0 0 0 0 0 0 0 0 55 -11 101 -20 45 -108 -94 -1 16 -4 -55 45 37 -45 -28 50 -117 -15 57 79 17 87 88 -34 18 30 -108 -63 112 6 27
0 0 0 0 0 0 0 0 0 0 0 0 0 0 0 0 0 0 0 0 0 0 0 0 0 0 0 0 0 0 0 0 0 0 110 -49 -6 123 -103 -38 -21 42 -72 -55 54 -39 -49 -114 90 116 46 -67 55 51 44 108 5 2 -97 -91 70 -94 105 -1
0 0 0 0 0 0 0 0 0 0 0 0 0 0 0 0 0 0 0 0 0 0 0 0 0 0 0 0 0 0 0 0 0 0 0 -64 106 101 89 -90 109 95 -100 -39 3 83 48 -120 -40 -102 -115 115 -24 39 34 -7 -90 -82 -108 58 100 73 -113 64
0 0 0 0 0 0 0 0 0 0 0 0 0 0 0 0 0 0 0 0 0 0 0 0 0 0 0 0 0 0 0 0 0 0 0 0 57 -84 -84 -32 -9 37 -119 -101 -70 -63 -120 -117 -28 43 -82 -112 -46 56 11 -91 -69 54 -124 50 60 -100 -60 123
0 0 0 0 0 0 0 0 0 0 0 0 0 0 0 0 0 0 0 0 0 0 0 0 0 0 0 0 0 0 0 0 0 0 0 0 0 41 -100 -73 105 23 92 -31 33 94 19 -110 101 -128 34 -124 124 -46 -41 96 -9 3 -21 71 -56 -7 -125 -51
0 0 0 0 0 0 0 0 0 0 0 0 0 0 0 0 0 0 0 0 0 0 0 0 0 0 0 0 0 0 0 0 0 0 0 0 0 0 -10 -57 -95 -10 76 -68 -76 -5 113 82 -50 68 30 -45 27 29 -90 68 -102 -127 -115 -117 -37 -56 55 98
0 0 0 0 0 0 0 0 0 0 0 0 0 0 0 0 0 0 0 0 0 0 0 0 0 0 0 0 0 0 0 0 0 0 0 0 0 0 0 -44 -5 45 39 119 -80 -2 -48 111 -3 28 55 -72 -58 -60 78 31 0 6 87 -119 -39 13 -58 -104
0 0 0 0 0 0 0 0 0 0 0 0 0 0 0 0 0 0 0 0 0 0 0 0 0 0 0 0 0 0 0 0 0 0 0 0 0 0 0 0 70 -74 -97 26 -108 -90 78 -3 49 -108 77 -24 54 126 -89 111 7 -110 -90 116 -71 116 -19 90
0 0 0 0 0 0 0 0 0 0 0 0 0 0 0 0 0 0 0 0 0 0 0 0 0 0 0 0 0 0 0 0 0 0 0 0 0 0 0 0 0 111 -1 -24 -39 -114 -121 -33 -47 36 98 -67 86 82 -90 8 46 -19 -103 -26 36 -89 -107 46
0 0 0 0 0 0 0 0 0 0 0 0 0 0 0 0 0 0 0 0 0 0 0 0 0 0 0 0 0 0 0 0 0 0 0 0 0 0 0 0 0 0 -75 -33 26 51 65 61 105 33 33 52 -66 23 4 -106 56 -32 -28 -87 -10 -66 29 55
0 0 0 0 0 0 0 0 0 0 0 0 0 0 0 0 0 0 0 0 0 0 0 0 0 0 0 0 0 0 0 0 0 0 0 0 0 0 0 0 0 0 0 -14 -100 -93 27 -95 -19 95 -15 80 78 35 -32 20 20 -30 13 19 10 117 109 72
0 0 0 0 0 0 0 0 0 0 0 0 0 0 0 0 0 0 0 0 0 0 0 0 0 0 0 0 0 0 0 0 0 0 0 0 0 0 0 0 0 0 0 0 19 65 -11 -103 80 24 81 115 55 -22 126 -49 -51 -98 -21 -20 92 -115 108 -88
0 0 0 0 0 0 0 0 0 0 0 0 0 0 0 0 0 0 0 0 0 0 0 0 0 0 0 0 0 0 0 0 0 0 0 0 0 0 0 0 0 0 0 0 0 75 -107 20 -4 -116 28 -33 29 -115 124 46 16 -93 21 -81 -35 -116 0 -105
0 0 0 0 0 0 0 0 0 0 0 0 0 0 0 0 0 0 0 0 0 0 0 0 0 0 0 0 0 0 0 0 0 0 0 0 0 0 0 0 0 0 0 0 0 0 36 101 -29 53 17 0 -18 84 90 60 -56 -31 81 -69 -8 -30 111 -126
0 0 0 0 0 0 0 0 0 0 0 0 0 0 0 0 0 0 0 0 0 0 0 0 0 0 0 0 0 0 0 0 0 0 0 0 0 0 0 0 0 0 0 0 0 0 0 99 24 -128 127 126 82 -78 -70 -63 -46 102 55 -64 6 -36 7 92
0 0 0 0 0 0 0 0 0 0 0 0 0 0 0 0 0 0 0 0 0 0 0 0 0 0 0 0 0 0 0 0 0 0 0 0 0 0 0 0 0 0 0 0 0 0 0 0 34 -10 -43 -31 -86 -89 -116 100 24 -113 25 -87 21 -29 -23 -14
0 0 0 0 0 0 0 0 0 0 0 0 0 0 0 0 0 0 0 0 0 0 0 0 0 0 0 0 0 0 0 0 0 0 0 0 0 0 0 0 0 0 0 0 0 0 0 0 0 100 -28 13 -11 -108 -84 -45 -116 -86 -76 41 25 -105 55 88
0 0 0 0 0 0 0 0 0 0 0 0 0 0 0 0 0 0 0 0 0 0 0 0 0 0 0 0 0 0 0 0 0 0 0 0 0 0 0 0 0 0 0 0 0 0 0 0 0 0 72 6 89 -29 -70 14 -64 -18 -55 -22 71 -12 -26 -68
0 0 0 0 0 0 0 0 0 0 0 0 0 0 0 0 0 0 0 0 0 0 0 0 0 0 0 0 0 0 0 0 0 0 0 0 0 0 0 0 0 0 0 0 0 0 0 0 0 0 0 -102 18 92 83 53 51 22 65 124 69 -8 94 69
0 0 0 0 0 0 0 0 0 0 0 0 0 0 0 0 0 0 0 0 0 0 0 0 0 0 0 0 0 0 0 0 0 0 0 0 0 0 0 0 0 0 0 0 0 0 0 0 0 0 0 0 -78 -82 74 117 114 -88 48 -69 33 -124 -9 84
0 0 0 0 0 0 0 0 0 0 0 0 0 0 0 0 0 0 0 0 0 0 0 0 0 0 0 0 0 0 0 0 0 0 0 0 0 0 0 0 0 0 0 0 0 0 0 0 0 0 0 0 0 -120 74 121 -28 21 -51 63 -10 -126 -8 -31
0 0 0 0 0 0 0 0 0 0 0 0 0 0 0 0 0 0 0 0 0 0 0 0 0 0 0 0 0 0 0 0 0 0 0 0 0 0 0 0 0 0 0 0 0 0 0 0 0 0 0 0 0 0 -80 -122 -78 -126 42 113 -52 110 59 -14
0 0 0 0 0 0 0 0 0 0 0 0 0 0 0 0 0 0 0 0 0 0 0 0 0 0 0 0 0 0 0 0 0 0 0 0 0 0 0 0 0 0 0 0 0 0 0 0 0 0 0 0 0 0 0 3 67 -119 -72 -13 -79 -115 44 -31
0 0 0 0 0 0 0 0 0 0 0 0 0 0 0 0 0 0 0 0 0 0 0 0 0 0 0 0 0 0 0 0 0 0 0 0 0 0 0 0 0 0 0 0 0 0 0 0 0 0 0 0 0 0 0 0 114 126 11 101 -100 42 -100 -37
0 0 0 0 0 0 0 0 0 0 0 0 0 0 0 0 0 0 0 0 0 0 0 0 0 0 0 0 0 0 0 0 0 0 0 0 0 0 0 0 0 0 0 0 0 0 0 0 0 0 0 0 0 0 0 0 0 56 -90 -59 -38 64 22 46
0 0 0 0 0 0 0 0 0 0 0 0 0 0 0 0 0 0 0 0 0 0 0 0 0 0 0 0 0 0 0 0 0 0 0 0 0 0 0 0 0 0 0 0 0 0 0 0 0 0 0 0 0 0 0 0 0 0 -75 64 -40 -112 5 -77
0 0 0 0 0 0 0 0 0 0 0 0 0 0 0 0 0 0 0 0 0 0 0 0 0 0 0 0 0 0 0 0 0 0 0 0 0 0 0 0 0 0 0 0 0 0 0 0 0 0 0 0 0 0 0 0 0 0 0 -39 44 105 11 53
0 0 0 0 0 0 0 0 0 0 0 0 0 0 0 0 0 0 0 0 0 0 0 0 0 0 0 0 0 0 0 0 0 0 0 0 0 0 0 0 0 0 0 0 0 0 0 0 0 0 0 0 0 0 0 0 0 0 0 0 -26 56 99 -110
0 0 0 0 0 0 0 0 0 0 0 0 0 0 0 0 0 0 0 0 0 0 0 0 0 0 0 0 0 0 0 0 0 0 0 0 0 0 0 0 0 0 0 0 0 0 0 0 0 0 0 0 0 0 0 0 0 0 0 0 0 19 -87 -59
0 0 0 0 0 0 0 0 0 0 0 0 0 0 0 0 0 0 0 0 0 0 0 0 0 0 0 0 0 0 0 0 0 0 0 0 0 0 0 0 0 0 0 0 0 0 0 0 0 0 0 0 0 0 0 0 0 0 0 0 0 0 56 32
0 0 0 0 0 0 0 0 0 0 0 0 0 0 0 0 0 0 0 0 0 0 0 0 0 0 0 0 0 0 0 0 0 0 0 0 0 0 0 0 0 0 0 0 0 0 0 0 0 0 0 0 0 0 0 0 0 0 0 0 0 0 0 2
