44 -118 -1 12 -81 42 68 23 -11 38 -106 55 64 76 -95 88 -61 51 -50 26 123 -46 34 91 67 -10 -3 11 -25 -3 101 88
-119 36 -12 -20 83 94 33 31 -107 -47 -39 37 114 86 -26 -30 -92 55 -123 -16 -41 -70 -85 -52 -58 -68 -53 100 88 61 4 -114
-40 26 50 118 12 77 76 -59 -70 -71 -87 -30 65 -62 -56 -6 102 -3 46 74 -89 -54 106 79 -41 40 -27 7 46 72 95 -6
-40 -34 -21 17 -47 11 13 -28 37 102 115 108 -103 -62 -119 86 -51 -21 -81 -110 -56 24 -33 -42 -119 -101 -50 -106 20 23 110 37
-13 -120 -83 -123 80 -109 -59 -34 115 18 -90 85 69 -98 -120 117 126 -57 -75 71 -49 -121 110 -93 47 -99 57 94 64 -119 62 94
-46 59 6 122 -29 -32 -66 -7 88 39 21 76 49 -4 -120 77 115 2 -93 -10 -99 -125 -66 5 19 66 80 71 19 -116 75 45
14 -69 -57 -98 39 -31 -5 56 -96 93 81 35 65 -65 127 20 -119 77 50 -92 57 -54 17 9 -1 82 85 113 -96 34 -76 66
-97 90 23 5 74 66 -100 -101 116 -56 -89 -22 23 96 -67 -7 35 106 57 -61 126 -7 51 -81 75 -83 -76 70 -14 43 38 60
55 -60 70 -12 -100 88 -17 -73 -94 99 4 17 0 40 29 -94 0 -24 79 -124 36 103 122 -46 -75 -36 -99 30 5 -105 -47 -90
-90 -50 50 28 104 -115 106 -72 116 -30 111 29 -111 113 112 -30 -49 -7 25 113 4 49 -112 103 -23 70 11 46 -86 108 -81 -13
58 53 -120 -36 -97 58 113 28 -8 -45 97 -17 -127 -47 -128 103 -63 117 23 50 103 -17 -22 -103 41 111 -22 -113 -71 -24 -59 120
-93 -71 49 42 -26 -81 -76 39 -9 108 46 43 -117 59 64 -85 46 33 91 -75 -46 92 47 -37 -37 -48 -127 -95 0 119 -84 64
14 105 63 -48 -29 74 26 27 -75 -90 -100 -35 12 -53 -74 -45 -7 -22 120 17 42 -65 86 -119 -44 -80 -56 -16 75 72 -33 34
-60 -111 -122 125 -122 51 -3 117 68 27 -97 -102 -81 -60 -99 39 -1 114 -8 -75 116 -73 19 34 3 20 -53 -87 76 115 75 126
-28 -101 -78 39 52 -92 116 20 104 55 87 -64 -50 -113 -108 -22 15 -92 -32 -9 20 70 5 -7 99 44 18 -66 58 -37 30 31
-105 -69 50 -88 79 42 7 -42 13 11 -63 -100 -11 17 60 44 -43 -73 -123 40 -80 -94 -76 -47 -79 117 -33 -93 -59 38 -63 71
41 -72 -45 -78 35 -106 -105 115 64 69 -28 -34 -33 -36 27 41 69 28 -84 82 -34 -18 -7 -125 -128 33 91 -104 -15 87 -14 31
50 14 3 86 -92 117 -12 44 34 103 25 -104 -80 -29 81 120 -35 -65 121 121 3 -55 81 96 -30 6 121 -9 -86 62 -10 2
77 -125 -115 122 -16 -47 -61 -114 103 -89 87 26 21 -85 -1 -13 73 -32 -64 61 -1 105 -99 -123 -128 -74 -120 -118 10 119 -109 -15
-14 -119 -26 -56 -85 -78 70 122 58 -77 69 -98 -1 13 -124 -36 -105 88 79 -53 59 86 -101 -5 2 112 -28 -98 -7 -103 -52 48
-30 -40 -25 -47 -66 94 -26 97 35 -93 -115 -22 94 -6 -111 107 -5 120 -21 -112 67 39 1 -73 -46 90 -59 49 46 -73 48 16
99 74 -116 17 20 -36 -9 93 81 16 112 -61 -78 74 -53 2 27 21 115 5 -114 -37 46 106 -87 -4 -116 -104 -70 124 80 107
65 -70 -15 19 -92 92 -58 -107 -118 -37 102 109 -42 16 -104 -57 -85 60 13 -47 -24 -77 -27 -126 -117 -24 91 42 -126 59 35 87
-77 1 61 -95 -48 -76 45 37 -96 -72 -31 55 54 -108 -27 87 0 4 -106 -54 -90 -37 69 -61 -109 33 101 -82 46 20 87 -27
-86 54 -91 22 -13 53 5 13 56 68 -91 -123 60 9 -71 -86 104 -23 -75 84 -51 62 43 -34 -98 57 -77 -127 -104 -75 -3 -91
-3 -30 5 45 -126 3 82 17 -125 -66 -97 -59 -34 -96 -88 52 98 44 -75 60 -21 23 89 -55 -115 125 -47 118 -16 119 107 -18
-88 -55 46 -65 -56 -75 16 65 -109 -116 -1 19 -33 50 -26 -27 -56 -113 16 23 26 69 -30 101 66 -103 -1 18 120 -44 16 35
52 96 -101 -71 -61 105 -68 100 108 -37 103 115 -67 -97 -104 46 -114 79 -10 -14 -32 31 126 -14 -124 -67 46 88 67 31 3 122
109 -110 -111 51 11 -24 63 -99 124 83 -92 -52 -42 42 -37 68 77 -115 -43 80 -7 -117 -19 -23 -19 -26 1 -27 -53 19 105 44
56 122 15 97 -112 38 114 -65 24 -52 78 20 29 -109 -81 -48 21 -24 57 97 -18 4 -91 119 -103 64 -55 49 80 37 37 22
60 -61 42 57 -7 -121 96 40 -10 75 -42 0 -11 -76 0 8 61 101 65 116 -45 -74 -124 -69 33 10 92 36 -24 -89 -106 -27
32 67 1 -20 100 -68 -22 30 123 21 -68 27 123 106 16 -7 -7 88 105 -124 -58 21 -38 -8 85 -127 -76 -51 -97 41 -48 55
