16818 -32047 2620 -1777 -4754 3289 -1565 -22540 -6276 -12246 -2162 -6478 33752 -45724 5109 634 -13287 -22723 23114 26305 -15304 -6678 -11323 7520 -14727 2278 -16316 43889 -19965 14668 -6957 35697
-12554 4465 2219 -34235 10501 -9123 36762 -4154 -9161 10015 -71184 2960 4827 27169 55082 -34962 1200 -27506 -7030 29162 7741 13794 85200 -12238 -46432 44246 85166 -17661 -37501 2653 48625 62051
-111 12338 4887 2567 34917 -23715 -15831 20646 12935 9366 -23212 -9789 38448 18879 -17015 16243 -28474 5309 6557 11536 -22924 3967 14414 -22298 -2799 12677 10861 -3226 -9929 29862 5307 27051
17702 3270 -18265 41689 -6867 19559 28565 19302 8590 -7366 -13757 -24808 -20537 12079 -15516 17894 27645 43914 40079 33361 29026 -3132 -11069 55958 -54165 9931 13535 21841 14850 32782 18454 -30401
-15902 46415 -2058 -242 13045 46835 -13643 -68567 -113612 -60388 -26950 77814 12008 -12997 -28936 -71120 -72037 13107 -53900 48215 -1978 -11845 -43362 -31911 21192 -6966 -38078 88679 6153 57397 47651 5827
-5436 6136 -4268 49244 44331 37278 6808 14664 -80101 -28995 -7193 41287 -22562 26214 -15798 29653 -62753 -25637 16411 2096 3520 -15628 -44135 -4095 -32434 -20685 -1802 43559 -12868 7647 -19089 -14964
-42777 21492 40096 -28896 -68824 -29432 30204 38982 -37142 13468 11019 -24121 -20405 -60545 -4222 -53403 9784 19146 35720 3817 23756 -24920 -23350 -6281 25054 21094 28183 5890 10473 -36809 -21258 49484
20782 -40035 -4946 -277 8702 8846 42349 -762 3722 -212 -25922 11964 53053 873 11005 -21040 7082 -59742 -16178 24271 -28202 -21605 48715 65046 11988 -3304 28505 18775 1185 4848 38908 9459
42896 -16329 2486 -12350 -25725 5236 3420 -13246 52004 47821 9806 12512 -6451 -32221 12273 -10017 29722 246 6593 7968 11158 -10577 47212 23599 11808 3235 -6604 -59591 52822 -54084 -15916 -54384
-35635 47494 3790 -2537 -53958 -12791 -7572 6805 -27585 -34241 54463 -4639 -23204 7013 23100 21788 29924 28105 27800 -53326 16623 -29666 -35613 10700 9589 -26089 32456 34244 -38830 4328 -23045 40230
45743 -60531 31182 -11354 -19369 11940 -19209 26896 20995 15736 32097 -64739 2296 -18534 -10603 48376 20846 -212 16368 14371 57144 -9272 -84439 17217 -41251 -20425 9237 10528 -45208 9292 -56319 6501
-16533 18287 8226 16949 -32641 -33653 21817 10889 53988 32467 53876 -15414 -1911 -7312 -3353 -18434 59831 30239 14259 19440 -6556 -62145 38483 49494 9931 -27179 9027 -12152 48421 46546 875 -19348
39272 -20666 18130 -19317 17828 -20444 -14808 1081 43881 -382 -20718 -42042 71843 -4292 -9916 -11208 22989 -644 -20940 58634 -7312 382 44380 -18428 -1360 14157 30982 -25585 27735 14533 17856 -16239
-44173 -57806 4477 24442 -10881 -34825 33506 -5605 36499 43903 -23668 -63585 65219 -2071 -7916 23188 23920 -32712 19534 18011 -42414 -36621 -10113 61899 -11207 -9059 -42387 36245 -25108 79247 7249 14015
-16226 34592 -5307 26686 -16366 -27171 -6040 -8928 -23158 -29873 19092 12205 -2416 16133 -14226 21740 7790 30435 -19600 1791 -616 -10104 -31650 10971 -37315 -34755 -38207 15368 -20029 20222 -2020 -29499
-31274 30188 50060 -14483 -1906 -12893 8470 42189 -80315 623 -20083 30758 -21763 -14510 -10506 -16345 -32872 20511 42372 10879 6367 14425 36394 -4606 10573 12660 6545 -10647 -16413 49770 25525 25248
-48069 29654 10169 -2741 -42073 2021 11260 8870 -30293 2878 39387 -1669 -1519 11345 -35825 -63413 -37214 11442 -29611 14093 -2430 16611 -4191 -16718 43922 16452 -46024 47729 -7715 70629 25566 -21809
-2477 -24660 12154 39289 -7338 -6172 -24348 22552 21029 -17986 3536 -34927 27160 -16336 -45827 27323 56801 -27011 37244 -23108 -39795 8451 -34798 30208 76529 -20285 -29485 21042 -2278 -3055 -3547 -12317
1607 -52107 4855 -25938 -7636 24394 42764 -38850 22804 103872 37406 -44129 -32254 45095 -20860 5231 -7200 21587 12685 -59262 19247 12605 -40292 16264 -40235 15726 -47747 63852 -43748 15972 -9685 -16219
-23988 -1480 36650 4146 -12527 10241 -6924 13532 -3131 22588 -4140 -34330 5061 -8843 16046 72812 -2382 4369 -41130 21477 11817 -34782 -53747 -8712 -49761 -34072 -23234 -49074 -51859 3394 -17954 -15879
-5593 -33378 11005 -24380 5187 21593 26074 -16901 -480 53443 -48214 -19216 13406 -28188 23135 10755 -39950 -30471 -28730 41683 7775 7893 9202 6993 -31436 27940 -24411 -9678 -26788 2876 48699 23856
-22263 -5780 -9489 54088 -23477 -1856 -28117 44975 38935 12752 11423 -64778 23663 49574 -50414 21734 20407 31295 -37971 7754 25751 -21082 -39190 19239 12067 -82373 -20675 -7769 11517 85448 -17536 -19436
24189 -49799 29865 -7618 -40848 9712 42412 79464 3807 20489 30621 -7357 -20522 -2557 -24650 3147 11619 35022 69728 -6891 37333 1342 -54482 -4609 -5292 14338 43908 35269 -14184 -5323 -47337 -2615
-26522 71578 -1703 -12000 22773 -14346 -5037 35411 -13731 -29794 -2319 -7332 -42471 -3039 -2884 -23670 -38838 57082 5327 49285 19900 47681 19622 -33804 -30595 76663 6497 22730 -13545 24125 10961 18547
11554 -18716 15274 11354 34867 12569 -11189 -9063 -24431 15335 -16191 9734 337 28406 -32258 -18141 -42326 -66020 -43619 -3073 -9419 19395 44370 -5645 -2089 -6087 -44737 -14603 -30038 41961 5352 -22113
29284 -23938 -33267 -6292 -15767 -17815 -19137 -4784 18124 42382 38246 -27115 -17749 -34868 -3175 -18077 -42781 32673 28095 -8109 35595 45376 -2597 -11485 -14880 40948 -40177 49367 -33084 23051 26716 41808
5498 17558 -32264 -6805 42562 -24399 -24311 -43472 14310 -50925 -15441 35028 -16525 -28425 53266 14078 52946 41898 -9362 10269 -19670 -4649 12229 -30773 -23716 -9752 4660 -11862 7497 -8012 12568 12040
-23095 -12532 7202 20116 -50198 15703 -12179 -11594 -18768 -16474 -2170 -59819 44961 -17534 -45753 7784 74755 28319 -17314 32607 37242 -30671 -51563 48850 21527 -4065 2324 19711 2175 39858 35981 -3112
9826 -21754 -13398 25231 -16802 26808 -9831 -20569 -25052 -2321 6434 17264 5083 25545 -39557 -20517 -42267 -2288 -1517 -15900 -5541 41044 -42522 -14978 10963 -29859 -58706 84262 -9004 45713 -16528 -21511
42328 -23458 -2487 24730 15723 26021 -31479 -19516 -10474 32236 -2615 -73431 34594 2305 -23829 76570 4267 15844 31214 -27474 2662 -6000 -60061 -17149 -52936 -2568 13254 -17744 -2604 -22934 -30874 -19478
10165 10528 25069 4270 46 35385 -22415 -17667 -24849 3396 14919 447 26672 9586 3528 23908 -58219 -35622 -19780 5775 -7185 -29866 -81349 -52763 3454 1099 15405 10895 -17519 -23997 -18859 7259
-5631 -1404 8050 14816 12419 16256 15930 7328 20718 26208 -15347 -21225 30907 26960 -16429 -2648 -11338 -37807 -52652 37623 -10233 -12923 11619 17307 -5473 -14906 27052 -9648 19241 5564 19925 25046
