44 0 0 0 0 0 0 0 0 0 0 0 0 0 0 0 0 0 0 0 0 0 0 0 0 0 0 0 0 0 0 0
-119 -118 0 0 0 0 0 0 0 0 0 0 0 0 0 0 0 0 0 0 0 0 0 0 0 0 0 0 0 0 0 0
-40 36 -1 0 0 0 0 0 0 0 0 0 0 0 0 0 0 0 0 0 0 0 0 0 0 0 0 0 0 0 0 0
-40 26 -12 12 0 0 0 0 0 0 0 0 0 0 0 0 0 0 0 0 0 0 0 0 0 0 0 0 0 0 0 0
-13 -34 50 -20 -81 0 0 0 0 0 0 0 0 0 0 0 0 0 0 0 0 0 0 0 0 0 0 0 0 0 0 0
-46 -120 -21 118 83 42 0 0 0 0 0 0 0 0 0 0 0 0 0 0 0 0 0 0 0 0 0 0 0 0 0 0
14 59 -83 17 12 94 68 0 0 0 0 0 0 0 0 0 0 0 0 0 0 0 0 0 0 0 0 0 0 0 0 0
-97 -69 6 -123 -47 77 33 23 0 0 0 0 0 0 0 0 0 0 0 0 0 0 0 0 0 0 0 0 0 0 0 0
55 90 -57 122 80 11 76 31 -11 0 0 0 0 0 0 0 0 0 0 0 0 0 0 0 0 0 0 0 0 0 0 0
-90 -60 23 -98 -29 -109 13 -59 -107 38 0 0 0 0 0 0 0 0 0 0 0 0 0 0 0 0 0 0 0 0 0 0
58 -50 70 5 39 -32 -59 -28 -70 -47 -106 0 0 0 0 0 0 0 0 0 0 0 0 0 0 0 0 0 0 0 0 0
-93 53 50 -12 74 -31 -66 -34 37 -71 -39 55 0 0 0 0 0 0 0 0 0 0 0 0 0 0 0 0 0 0 0 0
14 -71 -120 28 -100 66 -5 -7 115 102 -87 37 64 0 0 0 0 0 0 0 0 0 0 0 0 0 0 0 0 0 0 0
-60 105 49 -36 104 88 -100 56 88 18 115 -30 114 76 0 0 0 0 0 0 0 0 0 0 0 0 0 0 0 0 0 0
-28 -111 63 42 -97 -115 -17 -101 -96 39 -90 108 65 86 -95 0 0 0 0 0 0 0 0 0 0 0 0 0 0 0 0 0
-105 -101 -122 -48 -26 58 106 -73 116 93 21 85 -103 -62 -26 88 0 0 0 0 0 0 0 0 0 0 0 0 0 0 0 0
41 -69 -78 125 -29 -81 113 -72 -94 -56 81 76 69 -62 -56 -30 -61 0 0 0 0 0 0 0 0 0 0 0 0 0 0 0
50 -72 50 39 -122 74 -76 28 116 99 -89 35 49 -98 -119 -6 -92 51 0 0 0 0 0 0 0 0 0 0 0 0 0 0
77 14 -45 -88 52 51 26 39 -8 -30 4 -22 65 -4 -120 86 102 55 -50 0 0 0 0 0 0 0 0 0 0 0 0 0
-14 -125 3 -78 79 -92 -3 27 -9 -45 111 17 23 -65 -120 117 -51 -3 -123 26 0 0 0 0 0 0 0 0 0 0 0 0
-30 -119 -115 86 35 42 116 117 -75 108 97 29 0 96 127 77 126 -21 46 -16 123 0 0 0 0 0 0 0 0 0 0 0
99 -40 -26 122 -92 -106 7 20 68 -90 46 -17 -111 40 -67 20 115 -57 -81 74 -41 -46 0 0 0 0 0 0 0 0 0 0
65 74 -25 -56 -16 117 -105 -42 104 27 -100 43 -127 113 29 -7 -119 2 -75 -110 -89 -70 34 0 0 0 0 0 0 0 0 0
-77 -70 -116 -47 -85 -47 -12 115 13 55 -97 -35 -117 -47 112 -94 35 77 -93 71 -56 -54 -85 91 0 0 0 0 0 0 0 0
-86 1 -15 17 -66 -78 -61 44 64 11 87 -102 12 59 -128 -30 0 106 50 -10 -49 24 106 -52 67 0 0 0 0 0 0 0
-3 54 61 19 20 94 70 -114 34 69 -63 -64 -81 -53 64 103 -49 -24 57 -92 -99 -121 -33 79 -58 -10 0 0 0 0 0 0
-88 -30 -91 -95 -92 -36 -26 122 103 103 -28 -100 -50 -60 -74 -85 -63 -7 79 -61 57 -125 110 -42 -41 -68 -3 0 0 0 0 0
52 -55 5 22 -48 92 -9 97 58 -89 25 -34 -11 -113 -99 -45 46 117 25 -124 126 -54 -66 -93 -119 40 -53 11 0 0 0 0
109 96 46 45 -13 -76 -58 93 35 -77 87 -104 -33 17 -108 39 -7 33 23 113 36 -7 17 5 47 -101 -27 100 -25 0 0 0
56 -110 -101 -65 -126 53 45 -107 81 -93 69 26 -80 -36 60 -22 -1 -22 91 50 4 103 51 9 19 -99 -50 7 88 -3 0 0
60 122 -111 -71 -56 3 5 37 -118 16 -115 -98 21 -29 27 44 15 114 120 -75 103 49 122 -81 -1 66 57 -106 46 61 101 0
32 -61 15 51 -61 -75 82 13 -96 -37 112 -22 -1 -85 81 41 -43 -92 -8 17 -46 -17 -112 -46 75 82 80 94 20 72 4 88
0 67 42 97 11 105 16 17 56 -72 102 -61 94 13 -1 120 69 -73 -32 -75 42 92 -22 103 -75 -83 85 71 64 23 95 -114
0 0 1 57 -112 -24 -68 65 -125 68 -31 109 -78 -6 -124 -13 -35 28 -123 -9 116 -65 47 -103 -23 -36 -76 113 19 -119 110 -6
0 0 0 -20 -7 38 63 100 -109 -66 -91 55 -42 74 -111 -36 73 -65 -84 40 20 -73 86 -37 41 70 -99 70 -96 -116 62 37
0 0 0 0 100 -121 114 -99 108 -116 -97 -123 54 16 -53 107 -105 -32 121 82 -80 70 19 -119 -37 111 11 30 -14 34 75 94
0 0 0 0 0 -68 96 -65 124 -37 -1 -59 60 -108 -104 2 -5 88 -64 121 -34 -94 5 34 -44 -48 -22 46 5 43 -76 45
0 0 0 0 0 0 -22 40 24 83 103 19 -34 9 -27 -57 27 120 79 61 3 -18 -76 -7 3 -80 -127 -113 -86 -105 38 66
0 0 0 0 0 0 0 30 -10 -52 -92 115 -33 -96 -71 87 -85 21 -21 -53 -1 -55 -7 -47 99 20 -56 -95 -71 108 -47 60
0 0 0 0 0 0 0 0 123 75 78 -52 -67 50 -88 -86 0 60 115 -112 59 105 81 -125 -79 44 -53 -16 0 -24 -81 -90
0 0 0 0 0 0 0 0 0 21 -42 20 -42 -97 -26 52 104 4 13 5 67 86 -99 96 -128 117 18 -87 75 119 -59 -13
0 0 0 0 0 0 0 0 0 0 -68 0 29 42 -104 -27 98 -23 -106 -47 -114 39 -101 -123 -30 33 -33 -66 76 72 -84 120
0 0 0 0 0 0 0 0 0 0 0 27 -11 -109 -37 46 -56 44 -75 -54 -24 -37 1 -5 -128 6 91 -93 58 115 -33 64
0 0 0 0 0 0 0 0 0 0 0 0 123 -76 -81 68 -114 -113 -75 84 -90 -77 46 -73 2 -74 121 -104 -59 -37 75 34
0 0 0 0 0 0 0 0 0 0 0 0 0 106 0 -48 77 79 16 60 -51 -37 -27 106 -46 112 -120 -9 -15 38 30 126
0 0 0 0 0 0 0 0 0 0 0 0 0 0 16 8 21 -115 -10 23 -21 62 69 -126 -87 90 -28 -118 -86 87 -63 31
0 0 0 0 0 0 0 0 0 0 0 0 0 0 0 -7 61 -24 -43 -14 26 23 43 -61 -117 -4 -59 -98 10 62 -14 71
0 0 0 0 0 0 0 0 0 0 0 0 0 0 0 0 -7 101 57 80 -32 69 89 -34 -109 -24 -116 49 -7 119 -10 31
0 0 0 0 0 0 0 0 0 0 0 0 0 0 0 0 0 88 65 97 -7 31 -30 -55 -98 33 91 -104 46 -103 -109 2
0 0 0 0 0 0 0 0 0 0 0 0 0 0 0 0 0 0 105 116 -18 -117 126 101 -115 57 101 42 -70 -73 -52 -15
0 0 0 0 0 0 0 0 0 0 0 0 0 0 0 0 0 0 0 -124 -45 4 -19 -14 66 125 -77 -82 -126 124 48 48
0 0 0 0 0 0 0 0 0 0 0 0 0 0 0 0 0 0 0 0 -58 -74 -91 -23 -124 -103 -47 -127 46 59 80 16
0 0 0 0 0 0 0 0 0 0 0 0 0 0 0 0 0 0 0 0 0 21 -124 119 -19 -67 -1 118 -104 20 35 107
0 0 0 0 0 0 0 0 0 0 0 0 0 0 0 0 0 0 0 0 0 0 -38 -69 -103 -26 46 18 -16 -75 87 87
0 0 0 0 0 0 0 0 0 0 0 0 0 0 0 0 0 0 0 0 0 0 0 -8 33 64 1 88 120 119 -3 -27
0 0 0 0 0 0 0 0 0 0 0 0 0 0 0 0 0 0 0 0 0 0 0 0 85 10 -55 -27 67 -44 107 -91
0 0 0 0 0 0 0 0 0 0 0 0 0 0 0 0 0 0 0 0 0 0 0 0 0 -127 92 49 -53 31 16 -18
0 0 0 0 0 0 0 0 0 0 0 0 0 0 0 0 0 0 0 0 0 0 0 0 0 0 -76 36 80 19 3 35
0 0 0 0 0 0 0 0 0 0 0 0 0 0 0 0 0 0 0 0 0 0 0 0 0 0 0 -51 -24 37 105 122
0 0 0 0 0 0 0 0 0 0 0 0 0 0 0 0 0 0 0 0 0 0 0 0 0 0 0 0 -97 -89 37 44
0 0 0 0 0 0 0 0 0 0 0 0 0 0 0 0 0 0 0 0 0 0 0 0 0 0 0 0 0 41 -106 22
0 0 0 0 0 0 0 0 0 0 0 0 0 0 0 0 0 0 0 0 0 0 0 0 0 0 0 0 0 0 -48 -27
0 0 0 0 0 0 0 0 0 0 0 0 0 0 0 0 0 0 0 0 0 0 0 0 0 0 0 0 0 0 0 55
