44 -118 -1 12 -81 42 68 23 -11 38 -106 55 64 76 -95 88
-61 51 -50 26 123 -46 34 91 67 -10 -3 11 -25 -3 101 88
-119 36 -12 -20 83 94 33 31 -107 -47 -39 37 114 86 -26 -30
-92 55 -123 -16 -41 -70 -85 -52 -58 -68 -53 100 88 61 4 -114
-40 26 50 118 12 77 76 -59 -70 -71 -87 -30 65 -62 -56 -6
102 -3 46 74 -89 -54 106 79 -41 40 -27 7 46 72 95 -6
-40 -34 -21 17 -47 11 13 -28 37 102 115 108 -103 -62 -119 86
-51 -21 -81 -110 -56 24 -33 -42 -119 -101 -50 -106 20 23 110 37
-13 -120 -83 -123 80 -109 -59 -34 115 18 -90 85 69 -98 -120 117
126 -57 -75 71 -49 -121 110 -93 47 -99 57 94 64 -119 62 94
-46 59 6 122 -29 -32 -66 -7 88 39 21 76 49 -4 -120 77
115 2 -93 -10 -99 -125 -66 5 19 66 80 71 19 -116 75 45
14 -69 -57 -98 39 -31 -5 56 -96 93 81 35 65 -65 127 20
-119 77 50 -92 57 -54 17 9 -1 82 85 113 -96 34 -76 66
-97 90 23 5 74 66 -100 -101 116 -56 -89 -22 23 96 -67 -7
35 106 57 -61 126 -7 51 -81 75 -83 -76 70 -14 43 38 60
