12803 -19554 -10705 33805 -28048 -13298 11960 2312 -6321 24822 45397 -8017 -24115 16251 12547 21001
-12804 16007 3564 -2073 11137 -28441 7513 13953 -4371 -50387 -21610 23419 12968 12345 9021 -548
16428 32225 32307 16499 10585 -3945 -18548 4660 -897 -3693 26521 -17268 -7452 -26457 11904 23156
3340 34104 25191 -33276 -11962 31478 -33882 -25628 -10856 13628 11094 1327 -19112 -29730 -2057 -3390
8175 2822 -1705 25779 18786 10018 1463 12160 4083 2555 21603 -41544 2548 -17384 -463 -13577
8571 -41169 -16990 15504 9987 -5790 -14082 -5702 17851 12135 35629 -27494 -16516 16810 -32095 18225
-663 -45337 -513 -577 -10777 -3494 58926 9319 10364 18396 -20160 2848 17325 12685 31527 857
-21051 27727 3732 5198 -4374 -5596 -25589 -40441 2566 4013 -14867 1986 -23982 1969 7031 -1009
9546 33514 -9505 -14356 -53177 -27818 9331 8721 -9111 -29216 -7127 37630 -6125 38645 52402 13116
20776 -46555 1995 -16736 -44912 -13169 14762 8540 58337 19280 3496 -30594 29800 56742 20967 14238
10765 119 -16607 -15052 -3270 12901 14107 -1503 -18045 -8636 -14422 3912 17506 -7152 10355 -21447
-2465 -34194 -14901 -41304 -35596 -6225 6163 -26422 40954 7735 -17752 -11637 12299 32254 13442 -5908
9220 -10686 12125 -6155 -15714 -40275 7095 -12594 48730 -10924 11673 -22822 2725 29186 34725 40103
6178 -11654 -3202 2644 24170 2185 8945 2510 3346 -16044 -30794 15939 4256 4496 14329 20321
-15221 77720 -2558 65 6799 18566 -21552 2282 -40613 -26375 -8061 21515 16888 -27432 9281 -30541
2904 30951 -4893 12088 -2379 2198 -34825 16308 22342 -27355 3349 -8244 28871 15233 9819 3888
