73 -106 -61 -11 -113 69 -91 -13 108 127 111 -50 55 35 -80 45
-95 60 -62 -69 108 91 -128 -65 63 -53 -123 -57 64 -67 -77 -121
121 -52 -74 81 104 10 -78 50 11 -74 1 -100 11 14 -53 4
56 -80 -34 32 72 80 87 26 -71 18 91 -58 55 -92 -61 -56
94 127 34 46 44 -16 -28 94 -2 -121 81 45 91 -31 48 126
-73 44 117 75 -72 -73 103 71 64 48 57 -117 105 -65 120 -80
-52 -118 32 105 61 -102 84 119 114 36 60 -74 -17 126 -17 101
21 -84 59 -51 3 -65 -3 54 -109 -58 -77 125 -109 -55 -113 -29
-119 110 21 -81 -83 -108 82 127 -69 -110 -99 125 88 94 43 -122
-89 5 -123 64 69 -79 103 -41 56 -54 110 -72 6 50 82 54
80 -121 93 -91 -3 -15 80 9 94 84 -118 4 124 40 22 89
108 -100 110 -28 -127 13 23 67 121 41 99 -111 62 2 105 40
74 118 21 -42 -71 -100 -82 -19 94 -43 83 -126 32 70 86 67
42 52 -4 68 34 70 -96 -55 -110 74 109 95 -43 -44 -84 123
-72 35 25 8 3 -116 -16 -26 127 -110 28 -107 62 79 57 -12
16 -34 -121 83 -38 -77 31 -75 45 -69 -84 1 52 119 119 21
